1863
336
1667
604
1861
1268
635
1907
1331
280
891
1003
584
1022
1537
1448
46
796
1056
1435
1714
1536
1227
991
1768
1626
811
1609
622
1657
1017
819
556
594
1930
296
317
114
1877
1159
1189
921
1278
191
145
1676
722
151
1491
276
3
1942
8
698
823
993
1212
1449
1622
183
1967
1621
1129
1308
1444
1424
1786
68
1958
1197
1337
673
551
633
1248
1070
982
620
1915
1775
520
655
484
557
454
1929
1038
1980
490
441
797
1959
1502
95
591
768
1477
1274
465
1122
777
664
1778
2000
292
1701
1093
1764
975
1839
717
899
424
798
1684
592
97
775
491
149
32
1890
1493
1326
1341
1920
442
983
28
120
1336
1179
1029
1893
1565
1131
1644
428
812
1608
128
1021
1367
1034
1624
174
1427
847
1666
531
1413
1352
108
1670
1430
945
1005
1808
1292
842
65
1372
597
1453
67
335
1234
1544
225
1433
475
868
1875
61
52
461
462
1320
1051
774
1225
710
1828
242
865
1456
1055
1679
162
385
564
405
1468
1570
51
1381
1669
365
1328
729
785
131
700
379
874
1712
1953
1744
500
1668
826
1102
470
75
12
759
1161
398
529
1126
1677
1909
1422
1091
121
1865
1671
1443
397
675
1053
1611
886
1213
892
1832
964
994
662
1340
270
844
101
184
1180
199
1966
1552
507
155
1602
1098
916
1914
693
1154
194
709
1315
656
1995
195
566
374
100
1387
1032
1080
860
1023
1606
62
1321
1001
766
1852
361
58
752
1117
1296
1507
1509
1223
1629
629
1572
761
1771
1807
239
1354
498
846
924
164
828
1299
1755
885
1365
906
1614
754
682
1064
1324
1550
380
1349
571
548
851
50
707
1277
1082
1492
1272
1363
690
251
148
1237
1708
25
1700
1579
1990
1819
1356
44
575
189
1245
735
200
455
645
1612
542
614
69
772
1948
1836
1409
1809
603
1543
718
1864
1124
1916
1079
1096
665
1574
16
848
1214
17
262
1460
1200
1035
235
1283
1442
1984
827
273
1077
1991
1190
372
1156
671
1641
1429
234
1083
1726
743
878
587
1681
259
384
388
1485
634
1406
1982
1220
1295
712
880
357
799
1360
558
222
778
218
221
568
1655
473
1911
1773
1463
370
47
805
1748
1697
1290
809
311
770
804
377
1072
1215
1897
1835
1766
266
837
1275
392
443
334
1723
1694
1182
1033
1235
201
1523
740
1757
430
99
323
1810
1478
864
1501
204
589
642
1201
215
940
1542
1847
499
661
1870
1307
485
1638
697
1210
367
1806
1860
245
820
1425
901
56
1002
482
246
1782
143
1178
567
1910
1025
391
492
1711
1244
1260
1827
1841
1566
77
1665
1031
220
1188
437
81
39
127
1403
107
419
118
359
668
110
1803
1975
122
254
948
1927
1813
1992
1067
503
1123
663
1801
853
1879
1790
1388
1526
453
1954
688
452
186
1262
1713
1167
1690
1904
1015
526
1000
282
250
1518
683
263
1682
1062
1149
1872
1937
1855
1256
89
1037
1716
1586
1649
883
1859
1498
1330
643
1440
132
501
1901
1702
138
552
135
1481
1099
425
782
1514
1358
950
719
1475
540
1313
636
1171
338
1735
1581
918
1095
1113
366
285
941
111
1441
1073
297
536
1059
202
624
816
1571
1816
1364
203
418
1094
342
561
1933
31
1421
1767
1281
1464
256
289
879
1086
1206
356
1497
469
1862
1508
248
942
911
934
1659
1013
352
402
1428
1398
613
286
588
621
1312
1121
322
814
1012
1439
1903
944
1450
1637
1905
1173
381
1499
952
694
546
1132
1164
416
422
64
449
607
887
680
1284
1169
1151
1148
1445
881
1969
550
341
348
1204
1304
70
481
610
1981
304
593
232
1555
659
320
1081
769
1136
1908
271
1048
283
1006
36
830
843
1483
711
1371
1511
745
1673
1061
421
13
105
1805
1196
278
641
1109
272
1076
177
1934
1973
1490
1437
139
249
373
930
1417
669
1480
1599
967
1977
1517
170
1451
1811
957
172
1347
433
1798
86
1720
171
113
1770
375
1780
1153
9
34
40
308
1512
514
477
1228
1662
1280
672
146
1737
1793
109
677
313
670
1291
1728
394
787
1562
1738
1004
1774
1267
1400
747
1342
130
1545
570
243
1521
1951
576
1496
1407
1447
760
407
1557
136
1410
1889
1143
1746
1394
1633
1152
395
1617
784
1636
882
1208
253
889
1843
602
1112
1183
264
639
1218
599
284
987
464
41
1794
695
1745
513
1946
279
1247
209
1137
301
1300
382
1459
651
959
483
197
1561
894
1695
1065
1688
1516
537
325
1338
1589
1114
117
38
1134
1011
734
929
1057
963
1018
1732
1329
1705
1474
1891
1704
269
488
66
125
1625
487
1588
389
1749
1888
1193
596
1792
415
733
850
506
362
744
423
1489
1199
1127
1482
1965
1370
1686
1605
1715
755
332
1971
274
1130
364
925
788
93
802
1687
205
1894
962
85
912
147
510
1181
783
1472
193
753
644
466
55
1815
412
1415
460
869
444
1653
919
309
1551
1699
1999
956
1703
1332
1259
1680
720
1639
1654
736
1817
1019
1486
1111
326
173
875
116
180
403
438
854
1838
206
1084
1075
773
1567
78
1607
1106
1564
434
1753
1172
685
647
821
1027
871
1763
1155
489
739
800
1411
340
791
627
98
1868
1250
976
258
1554
115
14
750
824
268
949
1961
1166
1351
1393
1322
10
935
1205
1818
1298
427
1301
856
1831
1845
1898
1500
158
758
1476
1858
277
22
1287
1846
1678
1391
606
73
1108
314
1652
1964
920
1454
1265
553
1105
1097
1882
1438
691
90
1710
951
1871
1452
1420
1100
534
1834
737
1378
156
214
1840
5
706
776
1402
898
1458
1887
989
986
1318
168
1664
1431
1416
351
1525
1719
231
1494
1255
833
37
890
1997
290
1074
914
426
287
1660
582
1692
1924
907
45
346
692
1718
1457
1399
54
1202
1604
211
237
1610
716
628
1538
1582
360
1158
637
1339
908
1826
1014
393
92
1844
1219
1779
870
1513
829
808
1418
1772
1619
1069
1226
494
401
87
1273
124
1785
319
134
1297
1776
1540
1128
275
524
1795
915
1850
1594
432
1949
226
1917
1960
1651
1470
999
1266
1242
219
970
378
1473
1899
780
344
371
1362
1522
1446
1587
1874
1983
1762
1369
1317
84
857
630
1085
1279
1837
1892
474
399
903
318
757
517
1195
26
133
954
1756
1
1739
738
1436
1717
1918
1519
1366
476
112
1672
472
1252
1373
1026
861
913
1231
1384
1040
532
1968
1333
1998
429
1211
1979
337
1986
1884
1125
1928
210
1878
1603
123
905
1434
1547
1923
595
746
1224
257
1569
765
631
509
7
49
1455
431
961
1800
160
327
76
1397
1375
888
161
1119
1185
24
1532
1221
1229
1674
1751
807
163
689
300
1466
1240
549
947
572
619
324
386
505
1233
598
1559
1515
1613
1759
208
80
771
295
1101
217
459
1596
1784
1216
1089
260
190
1379
1886
1812
1661
1939
1804
1146
1618
938
696
329
458
1462
1823
330
539
1922
446
1706
522
27
1135
616
936
1120
943
1282
933
895
1752
1976
1346
1412
1962
152
1058
1842
701
1383
299
1750
667
159
873
960
1993
838
1994
1419
605
502
1683
601
406
867
1207
968
1873
1104
1368
1174
1246
1851
574
1142
1591
1270
1170
1157
866
1598
1374
1829
652
1822
1628
1926
1769
612
559
1648
1721
1781
1563
979
932
1580
813
288
1623
350
450
512
192
1217
1165
626
794
1163
310
625
103
96
1906
1276
917
985
435
396
436
1945
169
408
1198
1722
728
1650
1160
1634
1344
137
623
363
724
586
1938
973
1585
1645
188
1747
705
704
1615
165
252
236
497
1656
1802
741
1010
493
1821
463
1060
1765
577
581
1376
1640
1426
307
1238
349
1900
1359
238
1788
1880
1377
902
1389
1530
579
649
1729
504
1531
1709
681
937
1045
518
519
302
515
175
467
563
554
544
654
1506
141
573
1970
1008
150
1334
1853
74
1194
404
328
1919
11
1952
1314
1390
876
1311
306
684
1867
20
230
1627
611
1469
713
1549
751
922
1698
1996
756
896
413
590
1731
140
1139
261
1488
410
1487
240
1016
1253
1042
1576
1597
1881
1471
1050
840
1730
1791
1724
653
1305
715
1725
1361
762
1534
1168
1932
1071
29
53
479
1936
1239
1044
650
1825
1912
1556
1987
1325
926
660
91
1090
1309
451
1647
1600
763
527
1505
732
1140
877
1944
764
448
841
699
63
1343
849
456
511
555
632
608
1546
749
795
1727
1935
1405
1558
1577
2
244
1787
1796
1830
1088
1590
1777
35
1401
1115
1642
1041
779
845
486
1020
723
1396
1553
1385
1116
1353
439
565
1191
1869
831
1797
992
1271
353
1047
1162
247
1103
727
255
207
1940
1733
1985
726
495
863
674
1789
1176
859
927
969
679
339
1408
354
516
1675
1630
521
1761
648
1520
1232
48
839
1854
1504
1947
1736
1028
72
618
71
1963
420
1380
817
1754
106
1972
281
176
1535
144
1009
1956
646
1595
1527
1484
223
1691
445
1249
178
1355
23
858
1467
1382
541
1186
1243
411
369
1734
708
1203
82
88
1989
224
305
832
1578
1175
997
977
400
345
560
730
1046
457
343
1814
1696
1054
825
1078
383
1024
1264
971
1742
471
1230
1177
83
166
478
1147
640
1323
1302
1856
1289
42
1145
767
1783
1848
523
508
331
748
19
1707
638
1913
291
1257
1192
1895
480
1118
583
1896
678
1357
786
836
803
990
1524
1423
229
1007
1921
347
543
15
181
658
792
1760
666
1386
702
417
293
33
1110
167
212
387
1583
978
390
928
562
893
227
742
1883
904
965
1575
1820
316
496
1529
187
1693
79
1824
686
119
265
1541
953
1560
1503
102
1133
60
1539
1955
1036
440
315
1925
958
966
1568
676
1150
94
228
1646
1592
358
267
923
996
1285
1799
909
1528
196
981
1236
104
1533
376
1616
1689
585
294
998
1620
6
198
1395
578
182
1988
1138
1241
1950
312
1030
725
1043
1404
1601
1327
862
18
216
1269
1107
801
1066
1306
153
1348
1187
781
30
1479
1465
1345
538
657
1316
1941
179
731
972
988
1251
1261
1319
939
1931
1068
818
980
1461
1063
1573
525
1263
1092
43
233
946
1978
57
1052
1293
852
1184
931
1658
810
687
298
600
714
154
1833
580
1414
1254
897
1144
4
1635
1902
884
303
1049
213
1740
721
872
569
1957
1510
615
984
1209
447
617
1584
1141
793
1943
974
1432
1303
1741
355
790
533
1632
1876
855
409
129
900
414
368
955
528
468
1392
1857
1663
1631
1335
609
910
321
1548
333
1885
142
1286
1685
995
1643
545
1974
126
1866
1087
241
834
1593
1495
1039
835
815
59
157
1294
21
1288
1743
1849
1350
535
185
530
703
1222
789
806
822
1310
547
1758
1258
