5840
11773
2934
6992
13010
2688
1997
10114
6547
3145
15813
4905
7864
3169
12582
7725
12789
13961
4617
5155
5388
722
13754
899
13393
3172
8832
13467
13872
7209
9938
2129
1661
10796
1426
3365
8420
643
15709
15419
8023
3214
12267
4105
2846
299
5216
4309
4812
4114
1646
6043
8386
10957
3984
2716
194
10546
4693
2690
11608
9052
2468
6303
1170
6552
9555
7547
934
6361
2719
6675
14698
3597
5746
11963
2171
5114
3346
5283
15901
13195
11490
8758
10343
14039
13589
15598
12078
12620
11409
12569
5673
15098
5545
268
10495
7735
3857
11022
5959
7035
12273
12484
2045
5065
13773
2556
13733
5179
7745
8553
12696
14109
7462
12028
4052
5576
3626
11104
15679
4989
4324
4623
15139
7121
6355
781
2583
10456
1708
6106
11023
9553
8296
12994
6779
3767
718
12154
478
6995
11913
7507
13740
10088
6860
11157
281
1542
8030
11581
7474
1247
12131
14346
2592
15046
90
2303
2041
8245
4345
12979
11844
2074
9609
5431
3297
1159
1762
5582
11790
13943
777
15304
6084
14170
5729
4167
12685
4416
6505
10759
14608
4219
14274
1394
2390
11987
9657
8467
401
9521
999
10122
1470
11867
9022
2080
7325
7520
6651
854
9652
14427
2445
395
6468
14150
10283
2794
5472
6072
13415
2353
12997
13855
1934
1254
11372
6560
15400
13983
4771
7622
7145
11186
1098
7537
10385
303
11642
10551
14438
1951
748
12077
6421
5525
9329
3038
459
1843
1479
11270
3436
2824
1160
4572
13224
5105
14639
14186
871
5651
4106
1567
504
13729
7651
12641
12320
4634
6617
1601
1104
5854
8890
6986
8297
9478
13611
1675
11097
2316
1910
724
9009
4800
3257
13416
5608
9497
6733
2464
12750
17
5326
12281
8930
7901
4508
8204
11244
4070
12556
6157
9076
11087
15515
10942
1659
9304
15606
396
15462
8093
963
5409
4464
8066
4950
802
8391
4756
11633
2386
12511
11738
111
1012
7067
4444
6096
1483
14872
10317
7904
4859
8548
13901
13535
10530
2142
3684
9758
8244
11856
9156
1838
4957
12800
737
5038
5685
4562
7213
159
12487
8652
9908
753
4655
3596
10550
15066
13741
11425
14634
8353
3700
613
7179
3175
8087
3564
3015
9048
1652
1915
14873
8766
6402
12000
4246
5974
6772
10990
14750
14526
8984
7019
1707
7648
15837
1996
7485
10629
12678
1464
4924
9536
12768
15971
5264
12086
9883
4681
8951
12492
14995
12311
2436
11491
4795
12372
13953
4157
9311
6959
14594
9239
10781
2021
15915
8157
14800
11904
1900
785
993
3777
12505
15538
6893
8287
5243
1959
11071
7895
550
2569
468
4566
9800
8534
9950
1010
4821
6570
12069
192
9194
14808
1474
1999
11892
2205
2076
5389
7712
11736
6275
9387
603
12446
220
5976
3895
14753
15584
12211
4745
880
852
100
6360
5855
14712
13567
110
2861
3126
3754
3955
6260
6889
11363
8555
15521
8319
5340
271
1182
8622
5811
12379
556
3848
4747
8331
12706
5969
1419
463
9269
6301
7691
5189
4694
9320
2754
1356
13465
12129
6227
6524
5371
1493
6947
11689
692
2793
15473
9185
653
3476
12405
14453
14445
5327
7268
5539
7555
2731
5617
5353
3056
2302
8323
2312
3271
9254
12476
1488
3233
10166
6980
10633
12771
2238
13382
156
10431
10221
5464
12330
4486
2450
12763
982
13650
418
10899
9453
3821
1979
9698
8239
9981
15326
13156
10245
15265
7575
2483
2064
6609
3510
13937
12530
3263
5144
14485
286
14429
9399
9941
12871
11309
13173
9520
1584
35
6063
14148
14717
1815
5966
9624
15379
11899
1686
6703
11312
8147
9563
1739
7798
3082
11486
11518
2199
637
7220
7668
15512
7327
14889
1814
5438
6813
15181
4407
12605
4160
13213
12133
6418
12786
11161
10966
3958
14381
5236
9906
4805
7090
4417
15914
13593
5328
823
5035
697
13870
12684
7444
6721
7955
691
6563
879
6381
7977
14754
13193
5850
8919
9526
1143
2082
3156
4310
948
869
8677
5066
2897
7852
8540
11511
11249
1911
2086
2221
11159
13628
15833
14515
14041
2032
1320
7524
326
12406
14331
10855
11720
6656
3202
4616
13711
1186
10131
2629
4810
9157
9117
2243
1162
1374
3934
13462
4631
15920
5478
13220
14159
5272
11008
1588
6085
7912
10318
782
3880
10326
13257
10549
6343
15812
4398
4178
9931
7103
15289
11545
200
1294
8936
7191
10025
2544
7130
1956
14025
13322
7204
3122
10010
2268
97
10496
6593
12050
3867
12635
2611
3424
12486
9746
15298
7190
1740
11481
8980
12978
15934
14882
1153
11274
11954
8290
15796
12339
6463
7476
4678
2508
6304
4065
15131
11135
10841
11051
1331
8589
5263
12989
15410
8058
6970
2598
9203
5399
4197
8208
1468
14667
11960
1206
3114
11806
1388
2634
11407
11733
9803
8989
15523
8731
4330
7096
5215
8922
6803
656
6988
11992
12150
1968
1239
11232
7815
7969
6107
3459
15809
14165
15035
13831
10548
9910
11530
14114
11361
9307
12480
1921
771
13330
3355
2420
13099
13405
3666
6792
5220
1341
14987
655
10135
2855
8813
6572
14211
11582
13015
565
7612
12333
8129
13227
13089
14327
1045
9904
6193
1260
9382
14235
8929
3179
733
14497
139
2949
14454
11192
4165
8063
6233
386
12938
10379
5667
13160
14958
14121
8826
4597
10435
10817
5402
2662
1253
12338
10265
4491
8354
2502
14908
3560
1631
10058
8744
5997
1052
5815
3420
7851
12739
6619
12973
4788
13895
15479
4865
15530
14282
8327
11955
937
15501
11364
14584
15463
5057
9658
2017
606
10069
10593
13717
13258
3995
8848
14546
14080
13722
12410
4906
1953
3188
10770
11760
10338
10486
14888
8585
11727
10503
8154
5010
7645
15285
13623
9797
2734
10528
616
7374
8303
13095
2435
7390
14834
12098
4420
686
14916
5460
12436
15955
12894
12765
234
8080
5962
3943
12721
196
10259
7844
10339
13946
11173
7929
15405
11002
7430
4999
3006
5876
2184
14052
11197
7362
6182
12570
7880
14556
13610
1013
12458
15978
264
12148
1798
14863
15258
14792
2084
14337
8217
15824
10747
5462
12395
8144
4206
8872
13927
5094
11126
289
11796
3737
7447
14180
5477
4227
4913
9161
4475
11154
15477
5433
15280
14430
12887
12626
2109
14363
11499
13014
13199
5345
4094
8381
9321
7708
11759
15950
14839
6971
1923
7804
148
11130
4651
5512
13747
15718
6873
7927
8308
9186
11340
6126
383
9578
2904
7249
11556
15216
6392
8742
1848
12442
14208
6114
9510
4488
4273
14874
11411
5544
2980
10280
10128
9058
2772
1428
9462
15344
845
12841
10404
15857
5252
2791
9726
521
12861
12318
12779
1949
1484
11189
10745
9474
4081
15335
1973
3655
519
13874
15951
10056
11178
9502
9745
2241
3522
15274
5553
8229
7147
8085
11152
12441
288
3805
13933
5085
4703
152
1537
14955
6668
9461
15436
12261
4184
15719
10811
11605
6984
5702
9723
4370
2237
2674
4622
14448
14450
10206
3315
9600
12282
102
9051
3917
1526
15695
6652
3869
6221
744
10294
14964
14468
2881
14356
2720
3787
14409
2679
4414
12507
14830
7345
291
12474
6981
12497
5190
11265
15141
8262
479
1163
4777
10314
1841
13041
6887
11351
10452
3715
7287
13145
53
9219
10309
640
1738
5706
1401
8675
15581
8674
15422
141
3086
6666
15459
5986
11703
7348
14758
5707
9734
1750
4987
12688
9149
11505
7002
5652
4059
783
14241
3731
8850
12414
5803
4225
5644
14210
8183
211
7196
2115
11469
7799
581
12494
11454
5538
9169
4541
9843
13856
11167
3550
11251
6369
725
3091
6075
8870
14960
12755
1114
10586
6989
13534
14864
15627
4257
6565
3746
6904
11621
14699
10376
2530
1569
2223
10649
1059
6376
15759
15760
7838
15045
7042
10894
295
10823
1359
13617
15438
5336
8836
108
6958
6511
11298
2730
12472
3120
7329
5306
4823
13860
7949
3483
10132
12906
2509
8100
14203
15176
4147
7293
14415
13725
2575
6744
9287
11423
1947
7756
7593
3717
136
13388
15887
10160
14684
15207
10720
2186
13750
15198
4908
3507
15154
11675
14101
679
5176
15423
14374
15777
12602
5101
2979
2206
6017
4429
5080
1120
12062
13577
6885
7309
12574
10642
8404
4547
10557
3093
12874
6674
10670
6916
15163
5531
6678
6224
8584
12610
3220
6008
7205
2982
7336
11629
6722
198
7828
5948
14169
13664
9754
1768
8025
10090
15412
7805
690
6844
1813
1290
15730
7484
9330
8437
8969
12533
4104
1690
668
911
12152
3209
9201
6834
5437
5583
13085
10268
4807
6285
3334
3945
2081
5783
3728
13250
12
11765
10615
650
9088
13886
8446
8506
1523
8543
622
1459
2944
6076
12708
4667
2472
5424
930
2834
4692
12236
15385
749
3546
14228
11911
10555
20
8385
12126
10578
7183
8031
10199
10231
9721
8148
7812
828
9516
1222
1933
5848
12113
1191
13108
10150
7070
591
5648
5741
10968
2993
1168
6296
6307
11656
14544
1203
15348
2218
12857
2691
9166
12962
7178
300
11529
1820
4255
10014
8231
1024
10434
7075
11947
1028
787
12454
4534
10783
9987
8077
10149
12014
6020
9663
2724
1573
3776
3796
14807
5338
3289
14516
7568
5084
11370
15212
2990
3774
8097
6002
6760
1336
6248
2528
579
13689
14426
4375
161
6025
14243
8370
1991
10136
9038
5682
5039
14704
2135
5764
9433
9333
6677
8815
14854
11380
6065
15919
14057
2354
12193
15792
5454
6154
7742
2879
6767
7623
2603
2055
8712
9315
14774
14915
13049
14941
15562
10424
8142
8578
4399
10008
3697
14013
12334
13463
6173
6438
10614
7960
3130
5831
14495
13087
124
9222
8579
282
13221
7379
287
12109
4454
341
15641
9136
14273
162
6452
11497
7342
12615
410
3593
8512
13762
7956
13407
2004
2119
15091
6937
13455
13253
1407
4295
13684
11061
8355
15619
10296
8734
8042
10591
3536
9896
4461
4901
7781
12469
11634
11715
2591
8127
71
2860
12621
79
12523
8529
4298
15545
505
9103
14315
8911
10913
2414
6313
2964
15802
5369
8982
15688
12201
11704
14673
1337
4952
4388
6877
7842
10560
3099
9252
3504
14364
1655
13495
8839
10246
15658
3057
14004
12073
1454
7163
470
10641
889
13316
8789
2125
403
7461
10302
14377
8350
2589
13541
15768
5909
11446
11787
9775
1313
10611
3918
1706
11948
8783
12984
4611
14517
11676
6996
8285
12817
15398
5821
7400
6327
9911
732
1571
9837
15842
3938
8827
2290
9318
5135
7693
1070
9374
858
15290
15866
12237
3097
8711
6801
837
1603
15275
9725
7975
2458
149
9794
8749
10849
4709
13526
5579
4543
14599
3467
10553
6022
15514
6391
14298
14791
11589
1471
2254
7980
9384
4075
10346
6843
2840
7423
10272
3732
9026
10357
5418
4151
4055
12163
3603
5771
15220
11620
14343
6946
10935
10793
13471
9170
10388
10736
14900
3652
2738
10321
412
11754
2651
11516
13828
8797
5994
7655
7619
13394
3148
11247
5514
3151
10151
2958
13862
13477
14390
4078
1026
1994
3439
12468
329
7108
2896
7940
13426
14804
2998
14021
1668
9250
12753
870
1772
9614
9394
3282
6466
4930
5698
9898
2192
11109
3128
8868
1190
3834
229
2673
5753
5901
11354
9093
4242
15689
3820
1116
1594
15178
15977
11356
15340
3733
14743
4676
13988
741
4099
4232
1778
13296
8575
612
6237
3643
4792
10691
15305
3704
9850
13054
2833
12075
3628
13662
11204
3232
14838
12425
11731
3019
11952
7080
2347
15055
4596
11488
5908
15099
8879
9989
6390
9197
10364
2822
4083
11131
6113
12749
8069
774
14191
3723
1316
630
13844
12604
3929
4576
9089
6205
15922
3341
5832
13835
8780
9909
665
7699
12632
15118
5323
4574
4754
3421
1504
14082
9925
13396
14063
127
2646
1990
13841
7438
13269
1198
10680
5182
7105
512
949
7848
7512
9351
3581
11287
12481
2489
8394
3106
10458
15012
14736
3741
11295
3656
2500
3635
15648
488
10449
2816
5049
3493
3040
12746
10469
14459
11086
15991
1585
3511
689
6955
10019
12529
4513
6289
11478
3911
10954
1353
13817
15686
8497
8660
7976
4753
11235
1651
8568
12811
14961
7243
8687
6738
7116
12873
15826
8670
8424
6543
183
10013
2198
8914
4239
10144
11304
7434
6149
11850
8626
8667
10518
13292
10873
8029
5363
12399
4080
8817
5224
6165
11449
12104
2621
5522
12907
43
11000
2411
37
770
15964
9946
4680
3152
13669
11772
4266
7391
10948
14740
7441
4249
2097
2191
15047
3722
14202
6700
3331
5325
6650
6747
5374
6512
11179
4962
239
3323
12240
11927
14336
13210
7323
5358
10104
8719
11679
12649
3043
3154
6142
10833
11863
5185
14815
9098
9072
14519
13440
8757
2744
14231
6098
4684
10500
2193
6380
1736
14795
9675
3883
14826
11957
12052
11680
10820
15187
298
5228
8034
3653
456
7271
1958
10702
6817
8312
800
9984
10714
8102
2787
5030
10078
2776
6270
9844
8656
9487
8539
2230
1779
8270
3753
7692
7872
15707
12164
5784
14467
3318
9450
11658
13672
15778
9423
4213
14026
5446
12397
13732
6446
7402
12966
3831
12389
839
15281
15800
13371
2821
3582
7403
7620
10184
5208
6914
14428
11464
9049
10107
4457
11050
14249
9066
6698
15845
15002
15810
6644
15030
14449
7665
13123
12729
5870
636
996
11807
7688
1125
7753
1154
7119
7332
430
14732
15905
7284
9124
4128
9012
13101
7561
11686
2525
617
3808
4084
4719
6795
13796
9602
12929
5307
12712
2588
10562
4474
11791
6144
12717
13387
672
3782
2722
6911
14570
12092
135
13592
3272
5117
9632
10175
10198
13222
2890
9123
14471
8059
15443
4226
6541
14003
6886
12876
12031
10070
2283
2820
11668
5991
15503
1342
15466
253
461
15409
7308
7158
13605
3849
14809
14776
13571
13153
13389
5758
12832
12601
5041
13847
1966
2133
11883
13728
4189
12427
9449
293
4663
4741
8500
1402
12822
4720
13713
6840
5046
13008
14925
13836
4085
6805
1146
6829
3579
6129
9604
8567
14658
12949
513
10648
12993
15404
13898
3900
10079
10985
12055
4359
15261
8501
14561
14801
14677
7772
5048
5755
1237
12275
11229
560
8985
15559
5485
2014
14999
12332
12179
14396
10994
4803
3426
12155
6854
14081
7133
10156
11941
9361
382
11643
735
3961
4877
4214
5121
10983
12774
14849
12435
15702
8496
4299
11808
11474
1480
6146
952
5159
14179
5674
7877
9380
3757
7464
498
7538
5461
13885
2136
7320
12722
3371
11211
11375
2559
10625
7295
9899
12884
7755
10940
9446
7519
11654
4205
1321
10816
10862
6898
6409
12790
14308
3351
4603
5357
2685
13678
15580
6215
11437
12630
14099
15693
1664
11817
7887
6286
8027
8033
13323
9761
9572
12302
10775
13558
6317
2872
3338
15904
10788
5475
12219
6932
12171
15254
11866
14951
1281
12189
8379
11648
11212
8864
7751
6590
3447
13998
1113
3996
14466
6492
7973
8887
13048
10929
1211
12868
15895
3868
32
2867
4325
14560
8665
8572
2537
12350
6316
3433
2827
1467
10116
4517
14666
12854
9204
8747
13585
1565
9027
5567
3107
15690
14386
11067
3508
12541
5494
12007
6456
10869
7535
5442
11528
6247
6477
7661
15670
9335
10207
7820
7083
12235
1324
7676
15711
15764
11182
10880
9463
4896
10427
4981
6972
9343
56
15822
8092
15387
13411
2270
12970
8699
14272
9865
15560
12222
1893
15126
8763
13752
542
15609
3228
8162
1627
5329
8884
8321
5081
98
11659
4687
7368
4419
8374
7487
8593
14814
546
15733
3217
8189
5330
3277
10763
1898
7685
9130
1227
8909
13600
3799
4538
1705
2689
426
15025
3778
15925
8600
14357
2195
1478
10766
3888
6382
6219
5765
7684
14028
6431
6269
13097
5919
1804
9902
15774
12296
12585
7143
13445
577
9139
6433
13207
14988
6745
12920
7819
1656
13470
6580
875
3512
7278
8837
3150
1780
8651
3725
306
7480
10711
13785
8636
13038
14822
5566
12161
15023
8646
5839
9688
2144
15681
13080
3983
10439
7989
11567
7135
15770
4067
1727
2244
6653
15678
10825
12847
3896
12835
8395
2220
533
14238
8733
4734
14084
8686
6515
8915
13043
3302
3242
15375
10463
7716
2746
6952
13604
8722
12807
6789
10360
2363
5234
13083
2117
13883
4943
3342
2841
13557
12103
9585
709
10092
1018
8697
15788
801
8439
8532
7996
3135
9712
2831
15629
13457
6450
34
5430
14969
997
8213
3495
9248
3673
6124
3438
15158
8185
7457
7401
12460
454
3762
8490
520
3584
4046
13559
11574
8767
8258
10429
15342
15464
12777
9444
9272
846
10316
8040
6752
7664
1836
11046
739
11809
4820
4978
6201
12418
6249
1021
10331
1367
9939
7313
15031
13512
12369
710
8196
14876
1784
8606
14185
7883
11021
7167
13503
14303
8928
15461
2319
8271
12377
5403
14714
4658
10203
6807
7857
10522
5775
5416
6314
15467
11861
251
12408
6338
2311
10533
6919
8576
15556
7604
10922
7437
7698
5750
6081
1879
10183
3383
3500
821
2083
2636
10262
7300
5152
14567
8116
766
5842
6435
15206
3904
15908
13924
14727
3385
5354
2202
14076
10101
15143
13154
2438
12622
7849
2956
8700
10254
3256
2365
7472
14480
7766
1460
6589
11203
7202
11918
1688
8772
4351
5209
13385
6424
7053
4470
270
3686
9832
1865
422
7545
14790
2960
14483
9793
11137
5620
10165
8004
5934
11542
14009
4009
12702
1293
7968
12543
2521
7837
6838
14455
15640
7465
666
4315
10477
7450
14568
5429
4049
1473
6842
2182
8981
545
3119
6809
4302
13551
13928
169
75
647
7632
6264
6735
6170
2096
1657
6375
14313
6869
13130
12766
6728
14632
2687
10541
12143
12806
14424
2551
13795
778
8903
10754
740
4243
9154
7388
7467
14267
5029
14375
8413
2105
13957
2334
6824
5587
6339
11063
2851
11595
7835
12112
5351
5436
9720
14070
15232
4344
13580
10896
4352
4131
12017
7963
848
10931
3389
15546
10007
1246
10367
5935
7972
1858
2938
8263
1492
1942
9083
5156
9623
1919
8823
14224
8473
14286
2661
12309
14102
9235
10059
13627
8775
3648
13530
5000
14985
11457
10306
6095
2782
1544
7023
7151
12108
11700
5062
6191
4954
7192
15345
12041
3804
2642
11183
5457
10370
11851
6562
11324
8193
14005
5732
10286
15578
11526
7633
5697
15712
7387
14764
5546
2149
4717
8358
2686
4484
6439
15549
1789
6011
4619
12115
13703
15377
5656
8582
6413
7015
9594
13618
8305
12675
2914
3080
2799
5053
3646
8528
12248
12983
7628
11041
7267
3480
7724
7009
1302
10289
12518
8180
10000
92
14971
3132
13999
3633
3621
11012
13345
5315
925
1805
9062
12034
14785
13305
4613
1383
8277
10620
7398
6768
6610
5296
3160
15284
8792
12006
7231
13225
15799
10696
6334
14012
3530
10510
6689
9573
5880
1495
10959
9559
7541
11006
9177
14909
4854
1230
2595
968
2340
15164
14660
7110
2536
5277
1570
824
11331
6029
14793
6595
11175
12353
2908
14020
5337
12633
9694
10687
6112
13344
515
7643
5533
11233
3727
2370
5643
4691
6086
2403
14151
776
3563
13995
2755
5343
1485
10534
14705
972
13204
3641
9686
12321
7957
2030
3183
6238
12550
5905
428
2579
1195
9828
13629
1121
3788
11016
6632
13909
13103
4202
5869
15170
7946
6718
3163
5899
6710
13291
5217
6997
3724
462
942
964
4008
5517
12478
84
12872
12437
10422
15783
178
13588
6473
4557
2913
15235
8950
15448
2339
311
12856
6623
11493
11635
5257
4443
15476
7050
2759
2251
3822
6035
4476
11674
9504
9718
4261
4195
11293
8002
11978
8082
11315
15424
11570
8320
11065
7791
216
11647
4424
5754
6811
7913
11487
4887
109
11778
15339
5933
2350
15421
5458
4076
5093
2526
3460
9629
6616
1053
7218
1792
7603
8701
12542
1352
8326
2531
13749
11718
2774
8095
13270
4809
12664
2356
10461
2677
7230
13606
6556
8318
13920
8105
13286
1462
15062
10352
4281
15593
10085
8794
4490
1189
5452
12942
817
842
14711
7269
14341
5970
14469
15829
6828
6506
3962
8088
8790
14200
13013
7200
13037
855
13656
15938
1920
9138
12514
4199
5180
11579
4668
13547
7705
6395
14130
14772
9660
11198
1902
13180
1808
6658
10036
4839
4585
4200
5465
1196
5145
11943
8769
8195
4030
6148
11666
12186
13608
4782
3606
3221
7767
4554
15713
4845
14591
14840
12151
3092
14523
10861
2145
13978
2610
1242
12253
15453
2368
9615
8224
5894
5676
11384
4062
14657
13340
8330
12470
7854
6504
7884
6384
6411
831
8324
14593
2608
5211
3795
13334
10006
4130
11946
6830
2643
10749
11802
5774
575
1354
10772
15703
12099
14530
716
3948
7930
7366
1248
6711
12830
12909
129
2510
9542
3018
10734
13437
15751
14373
1094
11845
14182
14564
5154
7255
9676
3637
1109
15450
5654
15959
2213
615
9639
14821
6196
15561
1806
13679
310
14173
11776
9080
3832
13575
9373
11321
11444
5244
11665
15362
5111
2626
7783
10790
15156
6500
2048
6808
9020
7530
6793
7031
10089
15434
3713
11538
14055
13959
175
10568
12290
3711
15347
631
907
160
8276
8640
15489
11585
13811
12731
14473
5619
13911
12365
2985
1414
1576
6939
11090
14929
12579
11991
12539
5004
236
5804
5321
5819
9857
2729
6308
9805
4256
14105
11968
3487
6000
918
15447
8987
4539
13474
11461
2231
4852
8113
8621
9605
14644
14167
1156
1102
14635
13018
12573
9081
3658
15985
10902
8535
6743
7740
6950
14323
9767
9765
9739
8489
12513
8795
6434
15279
2515
8517
5259
7931
5820
10425
9831
14548
12116
6354
633
4152
13726
3307
12805
15732
10312
14613
15092
13790
8641
540
3287
14300
11127
11916
14132
10278
12762
9863
11301
10210
3816
5559
8611
10462
12778
8265
4610
7006
568
529
853
10684
8457
3966
14938
3676
9405
12958
11405
14620
15064
9125
13432
5805
6856
11170
7862
12668
5282
319
8551
4162
11609
13218
4564
13374
12471
5720
13644
7048
1720
14362
7106
11098
6117
15738
5073
2175
8759
5194
4618
935
7468
4463
1433
8796
12483
14713
12430
6982
2783
793
12305
13925
6926
1043
9151
11685
3657
2338
1148
11600
1434
4604
4736
2018
6751
11237
976
13896
134
14213
7792
536
5503
6895
12648
12564
551
2713
2306
10603
13764
12381
3393
11256
9959
3718
2187
4270
6657
3296
6080
14622
14710
15817
7738
9932
4118
10626
7670
646
9965
8205
2062
10212
11898
445
5543
13094
7492
1134
5946
9606
15322
39
3779
15263
1538
7780
5556
6569
2261
4827
2911
9580
8299
3797
9436
6179
9809
1978
1277
3946
2010
912
8737
5187
14928
4425
3352
6010
2284
8186
11640
10889
6907
9524
365
15893
4064
3534
4847
12217
4092
10373
11998
4531
1232
8923
150
10121
15529
7292
128
3171
11299
12040
5386
153
8405
13667
4659
2576
14299
14100
2961
5186
14513
7934
9115
5918
15942
4953
10621
10430
8779
10956
2952
5311
3471
10602
13821
4918
15121
115
1064
1181
10722
9181
583
15380
10304
13766
3632
1475
7513
7279
11123
4612
13814
232
5665
14506
3203
14284
7556
5890
1443
8662
3814
15883
4379
2052
9176
4390
5922
7132
11961
734
14625
15999
8518
3116
7051
8963
7473
4492
2372
13031
6516
10358
15175
13356
9567
7034
1132
6420
10859
4373
9390
4211
2239
3397
9486
10249
2012
6232
12102
5470
10706
4537
13739
9513
11218
2147
14512
2871
15227
3031
8280
4917
5163
9920
3766
2832
11058
13997
9647
15368
1885
1139
2859
10932
9056
11613
15392
7157
10342
7834
2971
122
4210
8159
4940
11873
4580
1193
14147
9398
1721
12180
1589
2181
12799
12844
13804
2936
14264
3316
5360
7044
3295
9958
7153
7117
13050
15161
12981
4289
3481
10868
2331
1517
10905
10978
9325
2848
11140
13117
12891
6975
10851
6436
14756
8268
2711
4661
5725
8743
5373
14825
13119
5851
10405
6093
5967
2396
6299
12598
2578
2415
15295
11466
3096
14902
11376
8298
13006
1628
3054
202
7483
8896
10508
4725
1837
7807
11164
4672
5317
420
4816
10097
13822
7736
1816
15543
12693
15248
9819
6195
12910
13952
5739
5535
9907
1697
6696
12593
12097
7425
12619
5102
13402
15997
2597
13084
15722
3986
1935
582
11706
77
15383
10353
11498
1172
3359
4898
553
6344
3599
11358
8400
544
2765
8011
1284
13167
12820
6897
6740
11746
8450
8862
7310
1917
9483
7112
6820
6537
15191
14476
13699
11527
14017
13311
13035
353
12336
877
11858
12251
13308
8709
2247
15721
1100
1683
7543
7591
9956
12198
12346
14045
12386
7515
14347
13092
1432
13136
9856
15494
9443
15891
5927
2644
1684
720
10467
7943
7394
13409
5701
3470
8594
2917
4137
8519
10588
13751
9991
6368
8076
14296
3306
5375
15600
14321
1916
11887
7475
9711
15734
13522
13487
1063
11095
13982
14196
10666
215
10738
9854
9011
11536
4290
15061
5613
6283
10180
14156
7479
12915
11838
509
4669
11083
15673
8509
10230
13566
501
9299
2358
7122
790
15898
5929
7259
2784
3952
5302
2153
11034
13251
12134
15610
3446
813
7291
13510
11
4841
3619
2412
6766
3981
14314
1250
642
13922
1613
11053
9305
2224
7383
9126
13109
2539
13626
3887
13614
6695
3956
14904
439
9601
11597
14894
4188
705
8337
6230
13850
15388
4401
11721
13670
5724
13708
3174
7635
4993
6250
8393
3016
14093
15889
7763
7185
11724
10327
13164
13620
10707
1617
11390
9234
12839
5221
3386
12039
11905
775
2725
15010
1136
15970
7435
9424
2332
10377
1363
8349
15720
5534
8364
9749
3785
9972
14289
1703
4891
10544
8921
14500
9263
15876
15125
9348
6742
4341
10686
6720
14937
13904
7897
14716
6833
10273
4004
11692
4773
8237
9101
11408
7894
13917
10234
3022
9145
14659
9366
10143
5334
4037
7952
4058
9649
12681
11479
2639
9427
9517
13309
6676
1977
8938
6883
5265
13190
8377
8238
7656
6687
3142
14058
9456
10919
8710
11221
7004
10399
1811
3025
15790
3265
6585
1015
10846
14436
5270
10337
14030
10252
10460
6901
12227
208
1579
1177
11512
2803
2534
6725
12951
5578
11079
12025
10890
5294
7818
11670
2607
8026
14214
1755
3408
13375
9509
7615
6494
6306
8812
10125
9354
2134
12295
9648
3567
9653
14158
10003
9419
4372
762
15621
9532
3258
12233
5219
9960
10792
1318
8633
5938
13866
11687
11622
15102
1553
11091
12956
7288
15618
9025
11639
12881
4895
2194
7558
13591
788
1883
9099
6128
9215
448
7063
6944
11176
12775
15086
8064
6913
11043
14123
12710
15183
11347
8398
62
5943
12175
15306
10800
1545
12698
10276
2981
15199
14201
6522
6319
13712
15408
3609
13659
1368
6921
10201
10732
10410
10063
13166
76
12066
12169
15659
3298
3440
5443
12772
15635
10885
6048
15531
11730
8816
2873
15791
3600
10126
6023
4559
3387
1065
8751
5859
1534
15623
4158
2835
3748
13778
10163
2750
15583
13265
12589
14168
12027
15001
5267
13634
6758
7583
14730
924
6274
8412
3259
4069
10178
436
4355
10037
6471
7415
6277
12225
8608
13198
14833
5631
9378
15277
12204
4334
11537
11238
12531
15236
4714
10502
3074
3999
8762
486
962
15307
351
8998
4630
15352
12128
12521
13971
2558
12599
4702
8782
3714
11663
10854
1719
8607
14970
9973
8624
6163
14164
15789
10839
15666
14984
6322
13829
6125
8136
11956
15608
4335
15943
117
2322
9957
6014
15840
5936
10552
15097
14612
12595
11371
1622
14654
6094
471
5126
9576
4387
11475
12258
7197
6078
7797
9988
10080
11708
15674
2282
8020
12643
8392
4615
8588
12665
9079
15963
9608
7089
3047
7990
9935
15704
61
9257
1358
5747
6726
3963
10981
14277
2997
7782
3358
14002
10174
5689
6440
8531
13900
5075
4527
15129
15737
9353
4748
7730
2903
11118
11929
8873
12466
10239
11789
10987
4515
12767
3437
6629
11438
7033
3864
7589
6969
2349
2865
3843
145
10724
5838
4191
2596
12279
928
670
11710
4003
8210
3010
632
3210
5319
9933
9289
3761
1797
11208
15480
9358
3629
6437
3644
11323
9017
7149
835
11489
2405
4021
10694
9298
15116
6027
14671
11713
4848
5348
8663
10027
5256
9482
13365
5474
2057
15805
10676
6058
2110
8906
6601
12653
5913
12271
9230
13683
1425
14140
7159
15856
5554
4010
1380
12558
4318
10656
5836
11391
932
8005
6184
10717
11502
2451
9094
2015
2123
3912
7266
4456
8844
11035
2258
14986
6263
742
10597
9598
313
10028
11068
6225
11193
1257
41
9554
3893
14309
8871
14623
13556
14860
14302
13435
9539
15040
9813
5042
10631
2216
13242
1607
11922
7261
678
3162
8301
6707
8094
15
14842
15654
3284
2670
11325
13235
13636
14054
3790
9458
11646
13674
6994
13131
6831
4919
7646
6461
14554
11357
5383
13028
1665
10884
2401
8741
10525
1502
9889
14461
10838
9233
9628
7609
9385
9861
14650
4164
10336
13429
14505
6729
14579
3764
7573
4170
7459
9360
1317
11617
15411
4383
9198
13219
8899
10511
9796
5366
4477
1527
2266
5687
7521
10017
13351
12051
6199
10993
9426
1127
4857
3667
15190
14400
10619
10545
1103
9260
15961
3985
2888
5680
7868
14912
1263
12652
2739
9533
2557
4931
10479
14176
12357
8083
7971
11531
7718
3692
1561
10540
2118
5350
5184
9821
13391
13489
11039
4346
588
8684
7360
13583
9919
11535
2093
12624
11057
13044
10740
14442
14110
7909
1369
9402
7000
8447
3913
10288
13064
7525
2891
9807
7328
14906
15089
13890
6462
14098
13072
663
15582
12117
12331
1737
3125
9748
11463
799
8373
9838
8692
8988
892
2067
8595
13494
3589
12178
15841
3492
12228
2706
8111
7893
14952
13701
8962
7039
7599
2962
9407
1448
4212
4967
10033
4937
7016
9977
6167
8074
10688
14111
8108
212
7964
14798
8753
3090
7491
362
7759
11804
2675
994
15004
1888
5868
3922
9943
10606
15697
8573
5312
6474
14219
9332
13410
9001
15700
8681
9494
9547
9875
15551
9815
2895
3245
12329
14528
11884
11342
5002
15320
6654
11912
6432
10681
5028
15492
10840
13705
14092
12245
13630
12440
5287
9028
4862
9737
3709
6359
4057
10843
457
15215
13433
2518
11769
1687
15315
12110
14968
6659
4698
1379
11077
7260
5021
4044
5134
9242
13513
1863
3065
7239
10064
2278
13192
7634
2996
14266
7469
6597
8135
13011
15108
7010
3360
5005
59
13182
4435
10216
6575
6177
261
5160
995
11231
14283
10523
6922
6814
8309
3343
1215
13875
14050
10605
3329
2806
12434
13651
5099
13483
7687
14237
9212
5087
5889
13386
7498
4483
11348
15757
12825
1730
13782
12199
7193
12370
5379
2805
3176
9625
13744
8084
1828
3472
11698
4027
9511
2089
14935
2287
14722
3612
14064
10601
10035
6030
659
15042
6066
13135
1408
8708
4272
8644
10403
15926
13603
11471
13367
2601
10076
10260
13039
9122
8070
10997
7040
9978
6520
3650
13400
754
15268
10719
5802
1734
7662
10665
9492
15894
3595
6961
13373
11136
2034
3528
14576
1987
15808
15155
1531
8101
1647
14318
7350
8173
4230
7303
14685
13196
13282
1546
10847
11378
14024
3987
10980
4833
2462
10864
9403
1301
8177
2427
12770
1058
13290
3363
595
5313
4006
3675
13546
6876
13442
9281
11520
14998
10457
2664
10678
8694
72
14615
15009
5574
3187
15200
4606
2124
3219
10936
4519
13681
913
2624
12566
8808
9479
990
13228
4357
1175
4755
8720
15399
1599
7448
9993
2150
15902
11162
2337
1887
2828
9556
7142
1466
3071
15318
5860
11878
10952
10257
13284
12629
5532
2736
325
978
2577
3181
9871
7131
9905
15630
10531
9887
9064
10241
14411
13434
11191
8515
13759
11472
13635
5138
6443
6534
7169
4101
3908
2006
99
4056
9069
1509
10616
10310
15643
6640
189
6578
1983
5568
12022
3501
8901
10311
3769
12998
9820
14332
5202
14898
7101
14221
15644
11088
1089
4595
3892
4449
12121
8356
5907
13569
15913
12901
1826
15873
12639
14478
13140
4759
2572
11147
12335
3800
5489
857
2702
7709
13176
10576
2760
6176
10617
11153
12215
5636
14729
8865
3914
15376
977
3249
12985
5809
2036
5748
11683
9015
1399
5103
9610
13478
12886
1118
13139
8114
6004
15570
5275
7953
14566
5563
9928
499
4762
14810
10045
1179
1592
7579
11420
1166
5844
6021
6709
807
12988
894
10340
1305
13447
5377
706
181
6044
708
5274
10963
5435
333
8689
13141
8649
14762
15858
9178
9732
4349
5139
11714
12362
2899
6594
2889
1251
9696
1126
14335
1235
8643
14742
1041
10558
9575
6321
70
4514
15429
12415
4217
11599
15024
14278
7566
8781
958
2393
12170
7824
14701
9334
2650
15269
761
9966
11317
3859
10299
8359
10888
4156
4985
2712
3861
7629
8347
4696
3885
14472
13677
3973
12035
4507
12231
2413
2061
368
419
6292
1788
15565
3023
3515
9096
11260
8184
13944
5088
8793
3089
8904
14095
507
2305
3836
12123
4526
661
12728
12527
15825
11678
10392
8666
14877
11900
14848
9074
1036
4546
5268
4933
1889
1054
9840
12801
15120
4181
14001
8079
9132
7027
15470
9192
6239
15662
14532
7252
14823
5928
4654
347
11821
12082
5476
8242
9701
11886
3545
5415
11820
8352
2813
12371
13091
12937
13507
9992
10167
4339
1524
7384
3750
1006
10487
13217
3457
4578
294
12893
9760
3190
9691
6407
8945
8940
9265
452
5721
12754
10520
3645
3947
3862
15612
14927
10219
12420
1874
147
700
8920
1642
1142
12977
12725
2043
1164
6282
4660
2796
9033
13358
3845
14157
5242
4038
3701
5923
2173
13397
4361
4224
9700
1861
3137
8464
5714
7695
13055
4819
6064
1881
11758
8937
10587
6071
12396
7800
13980
1178
1516
1605
5637
8250
7621
13348
8038
14846
8017
3143
6910
14596
4700
10644
13229
6305
366
8444
10774
4447
5529
8614
15148
13525
9488
10590
7906
6680
940
8996
13543
4061
10046
4721
1395
1948
13756
11701
9736
7221
10372
11989
7675
5885
13545
15754
12091
14535
3394
14755
10205
829
8380
1621
3314
5020
5484
12323
9995
7335
13704
13203
15003
492
14563
14451
7988
2770
3356
9836
10807
15211
15105
13453
12356
4321
1975
5130
6649
12351
2668
12118
7315
1370
9886
900
14294
11320
2912
4868
1439
3898
3108
8007
10887
5022
10271
6047
2885
2819
3527
726
2228
14144
1611
1897
3991
7363
4708
11949
6540
330
3300
11329
6960
15070
7381
4844
3488
4825
13475
11215
1770
2745
13519
3330
10600
7773
5385
12501
7516
13830
12963
2768
9735
9885
1580
1282
10658
6455
9921
5824
12809
13319
4354
5040
218
11480
15821
13178
3548
15172
6941
11103
10117
14188
2215
14919
5904
10577
11870
9877
1350
7208
8891
5683
1635
11815
12012
2550
7630
8471
15739
6604
8566
3238
11723
13168
9763
9465
8047
13370
13314
4026
112
1243
10147
10771
7821
3012
7966
5584
14551
7175
2112
5980
7771
12317
14324
9188
13404
10992
11907
825
9738
2410
14609
3336
9468
3234
3011
13469
4817
10863
6670
4766
12691
9127
11631
15239
10835
10333
9350
14392
15096
11350
8214
4196
6045
2701
3649
12914
4555
11227
11453
331
8275
14075
12020
6587
2749
15044
6102
14760
7624
11843
2480
5766
1612
14605
13731
3634
13223
14456
4245
1311
10335
5843
13721
4806
10721
816
5427
1061
172
424
263
7875
12284
2369
10094
7991
5448
10786
5213
14407
9466
8825
6765
2197
9355
12491
2523
12612
945
3180
1150
14040
9968
4350
9455
8131
11333
10038
4726
11655
2733
9707
5405
1300
1782
10755
4286
998
3602
4948
15486
13200
15361
9786
15992
7172
205
5594
7085
13919
11495
11875
6278
9617
4333
10152
5884
5266
9768
5622
9225
2264
7146
5926
4446
4000
13150
11222
4291
3094
11355
2063
4822
8771
13349
154
9032
9835
2079
773
11548
15078
10730
13819
7304
7997
13233
14244
9221
12741
10483
8888
10284
11296
3030
4779
3390
3477
14751
596
8824
2951
11303
5788
3928
6374
5459
14946
2622
15440
14665
933
2590
3320
5883
14630
13638
12506
10554
14047
14676
11650
4327
15962
451
12456
3854
5709
15663
12451
13981
4815
12600
4649
9119
14405
5987
2431
14091
7026
9764
14578
3033
5423
5983
3829
6342
15861
15334
8429
12081
4426
12751
13794
12780
13767
4633
15418
10712
11185
3678
9548
7704
13540
8068
4048
13147
15749
2259
13621
2053
15547
13279
13294
9613
15946
7088
14812
9777
9662
2842
5091
274
12093
5518
14651
2494
11240
4790
13899
11308
6108
8672
429
8441
695
10787
2699
10320
14304
5432
4103
8402
1003
7355
627
14226
5198
5031
2830
8544
3147
6702
3964
1291
9727
7134
8805
5990
4082
9801
11112
1066
1197
15019
14514
2491
10543
14559
9549
13774
4314
4430
13209
4900
1835
8202
664
681
8482
15157
2761
5597
5151
15801
3001
11716
7377
6633
8361
8252
10752
15859
4479
10348
1583
13921
10659
5669
2927
8248
5742
602
14771
2762
15246
5390
15830
10494
7456
15804
6348
5166
14587
5147
14115
2718
15601
10867
15952
14769
14199
598
4485
619
10297
12422
3559
1360
14023
4469
8329
15550
1133
10024
2940
10256
8629
15020
11888
10450
3170
9771
13990
13807
3738
5077
2836
6256
3915
1851
6482
2404
12726
9582
10718
6546
8483
5593
12162
4871
13148
5930
888
11228
5141
13307
5600
5629
2088
3994
4404
9561
11534
14143
6865
1149
1387
15863
3889
9901
7846
5797
2039
1392
214
13714
2161
3591
13466
9240
4406
7018
15221
15338
7550
8427
15669
6159
6890
12380
11281
5299
5207
7542
11524
13945
15460
9451
480
10860
2253
1901
6535
14383
5316
2077
11908
357
2402
8601
11187
2190
9112
13347
3494
2683
2568
9359
7241
11975
2984
394
2533
13364
60
12276
8436
1563
7596
13079
3503
13763
5942
5347
13848
15449
8403
11583
8521
5421
9661
193
13237
9268
10009
3828
4939
11860
7289
5056
4451
221
14595
1001
7351
13590
3677
12921
13879
12388
1965
12883
13128
12827
14162
14498
12303
11252
6150
1904
12986
10365
15715
15511
4738
9191
10378
6478
1903
4567
7743
14276
3988
1007
5204
13029
6583
6130
6079
14911
12058
13560
7256
10026
4599
4587
5129
4296
302
349
9129
6664
11925
939
13170
10113
8889
4964
10733
1855
11855
13336
8706
10697
3246
5453
13363
8493
3879
15406
638
4045
7562
3409
12226
2176
51
14139
389
10074
7099
2898
11145
5526
4990
1245
13313
384
2989
657
12015
15353
12313
11341
4769
3780
4433
1031
7312
9833
4846
3391
8704
15706
13007
14271
10542
6499
11672
2457
7814
10103
3941
10574
6849
8198
15907
1110
5591
14131
2988
15613
3516
10809
3935
6509
3243
10650
5996
6137
4544
1371
364
15758
7263
9251
2367
9105
7233
12911
4043
10653
12965
9687
13506
13205
10607
4241
2587
6891
4873
4511
11476
10837
3574
4194
9153
15229
6581
3575
269
50
4780
2382
10776
10827
6635
1076
936
14738
13346
6097
10947
1494
13069
4
7729
10623
3872
11019
6053
14175
11661
14580
7424
7283
4724
10756
8541
7011
15956
3827
3490
1525
6770
11508
6802
15140
3191
12417
7319
15657
8908
11278
5542
1671
11277
2003
7054
8625
7809
11848
4965
13657
1096
9945
15500
5507
9406
865
13324
7965
9558
15168
207
13329
3942
14787
12667
10258
2000
5168
12590
3569
9414
1228
14279
4263
14141
4079
11158
7564
3498
8942
15272
15327
15237
11036
13053
14936
2496
6172
14797
5240
6213
6611
15975
6350
8022
9144
8306
1226
11108
1662
6496
2222
8266
4883
6059
2638
5269
13970
4536
10493
12277
10204
6405
15574
10513
6194
11979
12072
12867
1507
7501
1982
1922
7020
6861
2864
14981
14265
15063
13186
12991
5781
8802
6924
11374
2294
8175
5001
6062
10946
2612
4248
3751
10334
8676
2707
6723
10071
574
78
1679
11985
2563
15740
11013
6517
11590
4677
10667
14901
956
10222
12447
5493
15552
3509
1685
8120
2232
15650
10361
7580
6311
14693
6001
6419
827
7594
3073
8897
12950
4530
11119
13549
9339
1000
10818
9376
4060
13327
12865
10197
11443
11836
11684
14307
12250
11997
5670
1714
10345
2441
10596
10773
10933
137
15230
11048
3871
5006
2845
425
9205
15843
2308
7910
10663
7978
12654
12111
3417
6031
1822
5298
10514
8341
730
6019
7
10529
5632
7769
10391
820
14533
9477
5827
8545
8209
15605
2542
13427
11740
9895
11798
9270
15205
1067
2735
10802
4133
6719
2001
9759
14301
12798
2137
5173
4904
1694
3465
3975
5768
12609
1867
3456
13484
10140
14933
6882
15469
1918
12858
3270
1969
277
8690
1403
5627
1845
2008
2375
8657
4428
8259
14437
2884
11813
22
9876
13757
8853
8732
1315
6041
1027
13632
5717
6797
8481
3134
2669
8328
9665
14806
6603
11263
7306
9976
5359
1339
7187
2167
89
11430
13492
15573
2281
5564
8339
12859
6690
8472
6816
8966
15233
245
10086
10737
14432
10961
4712
6280
6333
7891
15716
11894
5441
7277
9733
15241
400
10015
14354
9537
5626
324
14310
4679
13561
6978
3290
5382
9814
14828
8050
1326
9107
14588
798
15224
10482
4489
6309
9173
11477
4972
13285
2973
11174
5235
15870
9199
9255
14127
240
2323
15795
11988
3894
15638
11909
1600
7404
14891
7757
11199
11115
11386
4384
26
13812
10654
7337
967
11401
7703
7274
11030
4836
14290
2529
4332
14403
3505
9673
8125
5520
1556
2267
45
1608
6069
8220
14680
12324
2326
15359
8563
7836
15763
5756
6518
7508
7097
1823
12890
8232
1758
12695
5513
13987
4558
11702
5059
4402
6643
13122
11367
4305
8207
8236
8466
10395
1521
5188
4262
11276
6823
13045
13392
8668
1558
11485
10359
13189
4135
3640
13554
1055
8166
2095
9245
2328
2519
13783
4638
12930
13034
10953
442
523
3580
13002
1831
14601
5068
15747
5833
9772
3251
2517
2143
15202
5658
9942
2033
9996
8141
15680
5404
15084
1574
1914
8470
4732
15426
9408
9162
15868
11343
4521
9913
12147
11755
15741
14349
9013
64
538
9005
891
1654
12913
437
1016
12905
3474
7739
3381
8703
3993
6335
3839
3276
645
1906
2327
5069
4264
5410
10224
15165
4569
6036
13104
13208
6119
1856
9148
5237
8342
15725
15468
2051
2313
12616
4250
7326
14582
736
11601
8043
12018
13155
14726
272
10767
12655
5875
10713
1753
13413
7642
8955
13784
1704
8944
1623
5785
10898
7590
2262
2029
2656
8530
1343
1319
7007
15107
9420
6928
6291
11729
14931
29
14965
10655
12355
6105
2495
7211
11427
10095
11614
8877
1372
10195
15968
6267
3647
339
7139
8492
4533
13073
9684
5196
15724
12781
15877
12361
6896
3247
5112
9134
8688
2910
6153
4884
11653
10432
1520
12908
4499
11839
3339
14975
10303
1506
14661
3789
12094
6220
3113
4984
6979
6638
15127
15069
11094
9262
8078
4549
15147
376
5740
13488
14097
13096
4455
11230
2875
3695
6790
8994
1333
2217
10705
2789
7460
10177
4979
6347
15250
7527
13806
8653
2781
12686
5384
3607
3462
13331
179
11893
6782
7907
14353
9656
6255
8784
10168
12461
340
7845
7069
7482
10842
9584
3623
15049
4798
4707
2116
9818
3951
11001
493
13950
12744
1077
9986
170
1296
14034
3976
8680
15407
10118
2887
6245
14794
4666
12207
9894
4068
3475
4971
13252
12738
751
3897
3327
9568
15652
1619
1233
15677
2219
13439
4502
14616
225
11588
10866
15321
9703
8485
4853
15093
4540
909
10789
13586
1777
5396
2177
2100
3590
2060
3598
13287
14194
6647
1090
5113
13570
3691
4512
6577
7471
1974
6985
5286
10573
4338
27
951
5660
1905
6724
15490
13698
15068
336
796
6459
10563
2658
8801
10464
2058
10599
7574
1224
11148
13236
13972
4193
10188
10879
6761
9755
1695
11163
6415
2665
8841
1678
12980
14125
4497
3903
8852
13003
4121
14234
15296
12080
14598
10746
988
10153
10886
14288
11750
6246
4942
10120
2743
8537
10442
703
3014
12995
6672
4811
10640
15401
15714
2271
15728
4124
5641
9643
3852
984
12114
2407
3907
6479
8458
11671
4126
14160
7429
2947
5528
8504
9171
9000
13245
2344
10928
6686
2504
144
7073
7586
11973
12431
745
3416
8037
11627
296
15507
377
10307
8587
14083
4269
3671
9514
5322
4240
3543
6055
9499
14096
19
12586
14664
166
9655
1381
12673
11766
2329
966
9023
6493
6976
7302
8431
259
6253
10750
24
4143
759
9034
11572
5289
6796
1214
12462
7636
5664
3784
12818
3681
14333
15736
5731
4828
11004
11615
10693
12045
3008
14401
4411
1074
11241
4453
10414
44
12137
475
12325
11352
8227
3517
3876
9900
15008
10236
6244
9418
5602
4814
1482
3587
7250
12132
13408
13127
5686
12734
13132
4856
13441
12374
9
12764
5813
7212
3710
11396
11267
1724
12683
6646
3250
13338
1135
1681
8843
11694
9774
7389
14149
14618
15056
87
2409
6024
1158
3332
1932
1216
12016
12703
13260
2618
8164
3164
4268
2880
1334
1091
14256
8099
11141
7246
7860
5450
11649
11275
3399
9391
14397
11540
9503
9967
11073
569
5285
11840
3185
14646
11541
4275
3693
14067
10082
7916
5490
12168
6684
594
8714
4872
15524
3013
2647
8426
14486
1908
11550
5573
4778
2532
5171
4112
6621
2463
12368
3817
13362
1155
6588
7126
6799
10521
4607
7186
7420
14233
7754
7382
5341
4342
405
14695
2485
4215
6131
920
12557
9586
312
15995
1217
1604
219
6371
1862
4670
5692
8882
11664
3340
14934
5693
5958
2047
9352
9445
14947
15949
13281
4552
2641
11871
12049
12642
9481
14189
9870
3627
15533
9574
5107
184
10499
9316
13090
14435
3819
8000
14747
6923
8267
190
12021
5887
10355
7523
8434
11492
4614
12319
3201
8642
12631
13295
4686
143
1130
9084
6637
3109
14724
11362
91
12074
1314
7565
284
6336
8778
644
3792
6942
15075
8469
13780
11967
14577
9218
7882
11313
11517
14036
15255
7758
1950
15544
7572
3705
15186
14066
658
5798
4932
8060
2541
1550
13177
3939
2878
7974
8574
5806
2844
9779
8927
14117
6228
4371
14181
13169
7032
13021
675
256
6990
5167
12239
12433
7616
8133
11919
11171
14340
4568
10426
5016
12181
2007
7270
2854
5964
8130
13335
7162
15336
6681
12549
13271
14443
14032
9008
14376
15197
12587
11958
8260
10570
11584
5830
3992
8491
11032
4577
7752
12003
8599
12660
13791
7777
6009
12084
11971
1272
6991
5293
2546
3189
7056
861
11945
12866
5649
2366
5308
5605
6527
13979
11150
1423
12500
12611
10592
13598
5733
11440
13771
12623
651
1849
4019
4867
4760
5479
15393
6706
14538
9897
12674
14991
7700
7737
571
204
4870
3703
562
5506
5469
10883
3521
8740
3661
7928
3818
9118
4220
6290
2524
6398
15973
2554
11915
120
9873
6417
7478
14886
1640
10381
9650
6389
763
7808
11933
13936
4874
10609
13641
7235
10973
1465
9141
10476
2397
2560
4956
1581
1049
9940
1682
12197
15781
10061
14018
9014
1002
6694
6486
4575
5364
592
11381
3558
5142
6778
13320
7678
9982
116
10701
8304
14739
13555
11829
1240
4222
4548
10643
1029
7827
4187
2581
4487
12286
13962
9571
1809
2823
2684
12071
8807
7486
15871
12870
9283
2818
559
12709
8910
9432
9493
11569
8845
23
14895
11200
2514
15050
4209
8610
14086
388
8096
6133
485
9546
4155
2399
12810
9640
292
10466
14137
3624
9059
11823
4701
12403
9200
4718
13553
13027
15113
6774
11974
10349
12581
7775
247
5473
12088
6365
15177
13481
2260
12808
6630
15579
13964
693
4785
9386
13046
12793
1796
146
9730
14633
11291
5570
6825
12560
12310
13529
3850
7867
15095
13781
12892
308
1056
12214
12265
4920
2148
4033
12283
14913
5245
191
8627
1092
10208
5653
11882
5339
5633
10613
10814
8360
12758
8218
14358
2309
13256
14525
5881
11044
9869
8592
3561
13688
1456
1040
11767
3216
14687
12792
11578
12607
5521
2585
10741
11709
11047
1636
4892
369
11594
12990
11712
5874
2522
8702
4504
11580
14529
4727
4218
12221
6345
2025
8307
5169
2020
14643
3429
5666
5255
15081
12008
2120
12904
2132
3841
7831
14741
3974
1491
14464
13412
914
5618
9196
7605
9303
11338
649
587
10383
7587
2126
6697
12101
1568
1420
13633
12042
3840
8465
3454
42
1752
10196
11606
567
7275
3308
5777
260
10390
9507
93
248
1941
5191
8075
1335
11450
8442
3406
7439
6930
12700
14433
1515
13810
15043
1842
11107
11289
5414
14311
6568
3367
1219
11018
13459
6089
15667
6481
4665
10977
3407
2808
8935
5616
7013
9672
4561
7760
10988
4403
6763
15771
8971
10057
15103
5106
4381
10908
12419
13430
13114
14422
3734
9057
138
2459
12307
6847
7938
14982
4586
13248
8421
446
3926
12297
11504
13601
8669
10277
13369
7761
4089
13065
13973
8718
12637
12955
2482
7666
14781
9158
12048
11243
7717
9923
9612
11428
15283
3223
6100
13321
9722
8840
6480
6349
12952
2710
9422
10060
8833
464
14501
483
10247
11007
5206
7030
5789
7554
6571
1188
11435
10559
10877
7689
7674
107
8645
7298
11151
11214
7765
10556
15590
12400
7418
680
5865
14550
12651
416
6363
2107
158
6693
12260
12043
4306
4481
9206
6850
12079
5730
13869
5588
1943
9247
13261
8956
6521
11681
9680
1108
7588
2499
8902
9290
11726
4970
5342
4039
12057
4472
4292
13977
9437
7422
8972
14388
11297
9039
11413
3513
222
440
9063
9070
3665
5585
2011
3274
7452
13289
13422
6977
10102
12200
6037
11290
2682
6600
13301
687
3969
6780
5501
7322
3959
5738
11775
5071
4294
15367
133
6470
15021
14689
882
14285
7199
10675
14953
9570
15104
8946
10050
1931
9916
9706
2154
8486
9362
5119
12853
1692
868
10394
9824
14866
6387
7499
14103
4053
7984
15133
11982
4968
9273
6872
5530
10950
11399
12005
7790
11128
3570
10744
885
908
12597
14683
14770
7177
2785
11445
6448
11660
14260
12412
11880
5852
283
15179
1781
10509
6169
7198
12900
4498
6841
10943
11319
7899
10250
1894
3281
12367
4647
872
5895
14869
6544
2246
11792
11682
2128
12475
15080
7999
1981
7397
7164
6671
11426
14773
12897
9699
15288
11236
2700
13582
4051
13853
7201
11100
5471
9180
8234
12457
12689
7171
11483
6746
5954
14487
7102
1099
6837
9692
6007
6012
12202
5903
15548
14352
4731
14763
185
1884
7657
7229
14604
8226
4482
4436
6189
10263
14914
2586
10040
14447
8225
14638
14069
4961
2786
8417
15153
4980
5793
13706
244
13834
6602
5052
10110
6400
14629
9010
5320
4644
812
5655
12294
2812
3698
3588
8752
2447
3058
6200
4204
14956
3382
5612
7443
10218
2263
10455
4111
5760
15885
1258
12658
14268
1201
11074
10709
5300
11431
3555
15109
8874
8959
5906
12187
10984
14974
7029
5297
477
3553
9855
13975
11011
10172
85
1716
534
6899
669
5712
10402
15576
989
8538
7299
517
8508
8016
9997
13902
11677
14602
8182
14322
7367
856
12519
2448
13275
3410
2257
7091
16
8302
1461
11544
11066
15369
14122
4385
11803
10329
15852
1696
13216
15748
2992
9616
15884
8012
11429
2226
1643
155
356
11519
10507
9806
6717
8282
13803
5659
9435
14571
9683
7454
10029
14641
8357
398
4579
3630
5743
7180
15138
11743
12572
15864
5562
7865
4013
3807
2625
5871
10004
1078
7744
11188
6202
13325
14748
257
9811
1746
2858
10480
3337
4203
7305
6312
10581
1743
460
12047
9275
14382
10108
7925
5710
4142
8443
2696
10415
11562
5140
4608
639
1005
15815
584
6639
2357
2056
4304
7354
5601
2444
7549
7371
7123
10539
11964
8773
5862
1351
10512
12849
624
14597
13833
12645
7253
1184
11410
10020
6310
1355
2726
13864
12960
3514
10618
13246
3222
5867
8957
6103
11105
8274
8990
5251
10162
5828
6295
3055
12625
13993
8728
6204
3207
10757
3017
363
5280
2296
12130
7086
279
6784
1833
13779
3950
1638
14412
15083
9944
5623
2174
11248
3965
4468
9670
926
6422
10347
8273
2503
373
13206
15803
6836
5561
13143
791
7184
5012
1310
11849
1357
7490
11795
4723
8247
1435
5540
5136
5365
14421
12238
14395
14652
4480
14031
8249
9812
4600
2584
2333
6187
6412
15417
15330
7062
13974
11093
3773
13661
4653
14417
12259
10982
4119
6164
2727
7339
9560
2090
12969
2963
10875
2717
12864
4535
1972
1128
11239
11593
121
4997
13719
10876
13989
5835
13801
15744
2094
13690
14325
11722
3924
13277
5977
3236
2121
2681
1939
5847
7570
9060
2065
14868
15354
2165
13951
6430
6708
2371
10595
4002
15897
10368
10290
881
3324
10164
3347
9016
3252
13472
7614
3157
15932
7265
8960
1936
15615
5482
4935
9728
14072
2807
335
4808
8009
4592
9217
14206
3866
6056
8977
2250
8967
699
1650
13165
4042
6197
14079
15969
14678
15753
10192
14679
9104
13511
4322
12243
12191
11824
6271
12548
3003
14366
2657
12299
2248
52
8735
9565
7706
9695
7173
11169
4437
11636
2233
10912
12060
14239
4358
14365
1624
2479
830
13578
2920
7924
9471
3953
14610
10582
13376
11184
2301
15247
3366
4348
7427
1278
10248
7155
2160
14163
10815
4711
1438
14204
13938
3540
7385
497
6920
7774
14757
12145
13649
1511
7840
9278
1854
8172
8165
10418
11877
886
14696
3758
13230
12869
10187
1289
9338
3353
11206
701
13954
3726
13001
1872
9442
2256
6331
7084
5925
6567
2157
15647
14230
7170
9541
1393
14479
15117
15591
9300
11902
6039
11699
5571
12933
12404
4182
3184
86
671
7571
9395
7189
2788
14328
4034
13612
5628
946
13184
3032
6297
4963
14312
8834
6442
11456
15867
11934
407
6859
4522
4704
13916
15302
4097
8191
15661
12208
1543
1455
182
7081
15980
6251
12953
14977
7076
8115
14334
7144
9447
11616
2678
15286
10325
8021
11305
6272
5705
10972
7503
3583
10492
3689
13881
14966
3368
105
1593
8549
4553
1034
14489
6156
1252
5362
11220
9211
1212
6759
1773
9279
4697
2049
9792
13267
7504
3491
4969
15526
3112
7722
12740
4594
566
3886
4858
12656
15196
5737
12038
14718
13142
4441
11885
5083
10673
4637
7376
4163
13768
9439
9277
11311
6551
9045
9393
14205
2035
10967
5625
10445
8869
3445
14242
8254
6488
2764
1718
10926
12009
12577
14222
15487
391
10765
14709
11761
11801
8322
14134
15522
10986
2886
13476
5445
5604
14330
5857
1093
1287
15844
9271
14880
12902
6528
4584
11005
13894
11223
8160
1832
9280
9552
1834
6330
7998
14686
12536
4017
6136
4494
14540
4737
12316
12343
8630
8881
14813
4108
5757
9491
3161
11741
1937
15454
8558
549
10519
702
5303
433
4125
15370
8526
14799
1944
490
14899
3794
14107
12444
8536
12954
392
12833
14345
10406
15311
11279
2042
780
12797
6104
14259
843
4813
8895
11177
10042
7683
6447
9588
1840
4396
12690
5727
7795
9111
3699
7967
3576
8452
11546
2291
12802
10411
6032
5812
5770
13572
9880
4563
1446
5273
6648
11246
10111
8616
15611
8419
15782
7049
14921
8203
7941
14878
5734
322
8416
10253
8664
5137
12940
6781
3660
9367
6642
1946
3978
684
13354
6940
13019
3167
4851
14708
7028
10979
11465
13030
14972
7449
1080
4365
1756
11742
9312
2511
4025
7497
3395
12773
9336
12730
5695
8338
9258
7787
12553
2902
15365
10005
3244
5944
8948
1486
2986
12945
9108
605
13299
10274
5861
9392
12424
2108
14035
6864
14348
8451
3482
6798
12928
13482
10366
5247
4955
13775
14994
7095
5361
4073
6810
1344
3730
7600
13878
3322
8673
11944
9756
7071
6906
7317
7301
2101
558
1396
6222
11810
15597
7514
3444
3100
14319
14493
12247
12756
16000
12033
3085
2245
12723
5955
8484
5456
1117
10119
9975
983
1436
4123
11133
8787
14590
8726
3721
13366
6662
838
4501
1430
9274
3264
15998
4861
12559
10053
7247
6293
3891
11330
10270
11202
4625
5082
13352
11266
3149
3631
12759
12139
2852
13082
1693
12971
12119
8799
6469
2
15482
10319
1463
1539
15773
5124
13676
4804
49
11195
496
6553
11936
1907
12383
11652
11017
2995
243
9638
13992
10819
8073
1346
7104
13815
3418
6088
10214
4648
12878
8475
12934
11847
10901
12344
6682
5011
7338
1715
10585
6472
15655
12300
10955
8032
14865
12173
4022
15708
8246
1875
4448
4495
2285
10344
2345
2398
13032
10267
3101
11577
1609
14992
15675
3196
5281
10504
7921
2797
3200
14624
12791
10305
7958
5241
3979
13060
4921
3957
14731
7723
15058
9261
8820
15192
9949
12213
15373
4888
13460
4591
8943
826
12546
13707
10266
9371
12183
11055
13724
8739
3286
14000
15566
5984
2437
9237
3110
8723
10915
6999
1938
12852
5132
14542
1060
9595
7823
11779
7001
9645
884
11360
14113
10440
9669
9286
4524
8696
2492
15599
4329
2862
1676
6234
14777
13332
15363
4991
12256
7830
9288
11770
5425
8892
5961
3523
4382
8121
5492
11064
3131
12694
7866
5795
6127
9431
13146
15586
15862
4570
1165
14038
15850
11318
7024
74
8634
13438
13692
13249
9091
14225
4685
6967
8126
5912
4797
2792
13112
11558
9970
7092
14719
2236
10630
13226
7659
6727
11451
6667
15823
677
1044
12254
9452
8190
3239
11777
6444
5335
15539
9029
13700
11696
9428
9310
9266
11889
10870
10791
8170
8798
2275
7225
15614
4201
6533
10671
10433
12293
11842
13675
6140
8376
5230
15292
15209
13428
4975
6266
4988
11799
7168
4551
12520
3348
4518
6787
3538
2376
2342
9773
1048
7539
8140
10233
372
1101
2655
694
14843
3411
12209
5635
10190
80
4635
10777
11286
15916
8961
5877
9918
6584
11373
12659
14236
10375
4590
12679
14857
7654
7660
8811
12398
9853
1173
8086
9024
6508
14692
2599
13113
14414
5017
3301
13126
10380
6458
10728
9179
1304
46
11651
9879
7222
5314
2255
13889
2430
15776
7343
11786
9611
6624
14569
12257
12232
11897
8293
9953
12141
14558
12515
14351
13743
13266
5229
9328
2863
12467
14766
15798
15878
8736
7412
12669
15872
3404
15381
5261
12479
2919
5879
8547
10920
12287
4818
8384
9677
9530
5480
126
6655
14976
4761
14586
3552
3007
5192
10112
8459
7046
3463
15420
12850
12125
12413
14406
8819
7407
5596
3622
10016
3212
15193
9440
5097
10285
2130
1441
5488
14474
7886
11482
15699
5829
13918
11976
11938
6866
8221
1610
1481
12584
1728
15366
1286
5688
548
11862
9434
8725
8993
9637
1410
6073
9097
8425
14387
8835
14065
13584
6378
7463
12528
7510
12054
3229
752
7156
10580
14128
4675
14192
10032
6408
7378
11346
5511
3328
1046
15528
8090
7396
15948
11549
620
905
12153
13183
5873
406
15027
11868
704
11359
13654
11607
11837
8145
12747
6341
4875
3304
5772
280
1896
3205
3844
15119
8513
12194
13825
14297
13597
8169
15691
13955
8463
3084
13702
1390
6691
7224
7608
164
2955
8106
1564
13283
7061
15931
7983
15038
6475
4609
4787
13802
8422
5837
9195
13665
10428
10115
938
381
1587
10725
4343
3809
1967
9337
7188
3461
810
13797
7495
6026
11940
1084
9113
12948
608
11404
1152
3489
4542
1256
11596
15536
1270
458
2044
14521
12715
2616
11138
2826
6414
4173
1276
14431
3853
11084
2555
8635
2028
15313
15308
10845
2923
9043
15564
12578
4279
12831
1081
3972
674
11962
2663
4909
6441
11500
9557
4831
12024
6070
3971
4410
1017
13912
4783
14555
9295
6427
7455
11085
14042
3878
866
2991
9135
8240
10281
13956
8654
13839
7446
10761
6074
1039
6688
8008
9106
2146
6608
10498
6510
9951
9464
10501
12156
1086
14817
14215
3858
444
15195
4007
15329
7707
5054
3610
10848
8010
11280
564
4185
8559
3592
6242
8885
7794
8369
2918
13758
5657
712
3146
8520
5122
14369
11669
14737
9518
11255
4605
9708
6538
5575
6915
14371
2013
2442
491
5672
14534
14104
1699
9430
1264
3133
2204
9971
1274
13033
818
15912
4629
9282
6016
4532
15213
10911
11322
15474
4288
2169
13849
9751
9429
1424
12583
3772
7217
15111
11125
1325
6261
15982
11753
13005
6254
2941
2680
3826
2449
4885
4565
5172
13863
12532
14621
13451
9769
320
2870
14216
621
14744
8316
3825
8707
15259
1625
15300
12959
7419
9681
6358
1057
2976
6879
2272
6685
10834
9413
2391
1595
13298
4100
3177
12212
10526
15909
5992
7436
7264
3933
9345
4258
13268
13840
8206
11205
6894
14585
15622
6948
4641
15149
14518
15145
15921
3312
14811
14645
6259
3562
6015
15231
13240
13071
15037
9396
8934
7276
1626
5014
4601
3680
13194
12252
10895
10810
3211
15779
21
15839
1560
12192
5284
15935
954
8933
2705
15993
1803
11881
11928
4583
3269
2856
6138
14606
10179
7370
13262
5690
1852
8251
6514
13098
3525
5072
9323
1210
4391
14647
10608
7082
14653
1169
13379
5417
7100
15972
13444
3377
10356
8062
12135
5381
10300
11337
12636
14870
15152
4005
3103
4434
10123
9974
1431
9994
11394
11144
5487
5279
8408
10874
931
3053
1864
4915
903
12210
14962
13823
15676
9630
8631
2692
4150
7036
7690
4117
2164
2714
15683
4320
11258
2814
667
5050
5104
4951
14015
4440
2185
10575
5703
7005
9858
13737
15481
15497
10261
11797
8958
2975
625
1429
10159
4374
12888
6966
2273
2005
8655
15620
317
12879
15633
13151
8366
6973
15451
5262
11045
5428
7858
15939
11257
4311
2721
14510
8806
12718
12504
14954
2289
1280
5524
11335
3740
6294
13809
12640
713
4478
14350
12672
5238
397
5681
7331
10465
8336
13906
12360
11705
4253
14193
3002
11062
15484
7861
9955
13805
1409
9710
5239
4652
10547
13625
10584
13026
15271
1079
3682
3747
15403
344
8300
4438
2434
862
2505
1616
7506
6152
10857
5864
1389
6741
12011
5249
6265
14402
6161
1411
1634
1422
15253
6757
3396
4095
3670
7602
3140
1980
13485
4881
7500
3255
2234
5801
14897
12030
118
13716
6943
1960
7115
11254
8143
9934
9050
237
6574
14749
1853
15067
2383
6564
8721
5536
6122
9599
5678
3197
15432
13341
14477
309
10930
3020
2983
38
2574
635
3206
15416
9168
11970
12203
5210
13172
5356
5400
13456
7869
4624
6484
14481
9411
15617
2474
9825
7681
13395
10536
10976
11852
2288
929
8313
15535
811
12304
5510
10393
5439
9618
1644
4650
1288
2242
6773
2152
14636
15317
13854
15087
5440
5749
3428
9778
7395
3823
9714
9459
13187
7987
15936
9636
11510
2009
10412
12502
11213
3793
13398
10622
8415
13686
11739
8045
3138
5910
15794
4926
3899
8132
2931
11638
6846
2385
12096
15853
8760
6393
14617
7546
611
14694
2092
7650
3069
8192
14452
11657
14261
12845
10646
5971
12262
3268
14752
13915
15079
1097
14734
82
7432
5233
379
4826
1225
2249
13963
7414
10055
4090
6558
31
11566
1364
5897
2570
7532
3127
12100
13594
6262
7926
1745
14627
12671
8158
3565
9116
5033
7607
13935
9704
10850
4036
1532
10751
685
6367
14088
7914
8128
11201
12922
779
15169
14522
7321
3551
15569
197
11711
10127
10524
1857
5937
727
15989
13303
610
8151
6962
12142
2071
1032
1014
3449
275
8970
10727
10780
4168
6226
8583
13991
10044
9068
7667
13640
12385
3045
9476
1487
5728
2562
1208
2209
3310
13695
3070
10821
4247
15029
1
4916
3333
12638
5921
14051
13297
8828
7734
2214
5700
6669
6123
6776
4620
1202
15505
12727
12423
6329
13770
2127
14614
14527
539
12032
8562
876
1913
5610
10831
4927
8407
2649
7788
1771
1890
9041
5504
2348
6739
897
2418
5096
14056
10662
54
10925
5794
14416
7280
15772
5799
14861
12814
11626
321
2779
69
6490
8397
10189
10762
3739
10448
1275
2068
10413
10661
14037
1265
15941
14682
11869
7166
11522
5008
1397
5387
5344
2460
11564
3846
14967
7986
2849
9750
12177
9999
4378
2957
12815
7228
5304
5791
10099
10369
8155
8586
6236
438
10939
9042
5412
3968
3497
8776
3062
1952
8139
1744
14384
5823
10417
1122
12195
5397
9018
9264
2751
12340
13631
15954
6679
15755
5455
15835
6804
11102
14859
14728
13318
13212
11365
3765
8440
10723
15159
764
9962
12544
1398
11294
6134
11744
10645
3771
4765
8503
2740
3549
13157
14778
6178
11757
5947
15051
8269
6476
8399
3672
7216
14254
3989
12448
8678
6241
2477
15184
10468
13306
10354
12002
9214
9952
5146
11037
8223
6545
13786
10742
10871
9849
9864
4793
7314
8067
12540
1071
8791
10516
3547
11292
13342
6701
1776
955
10419
13016
9884
12508
13967
14380
7214
9791
2490
4166
7522
7353
7038
2829
12926
3811
7639
6783
2341
4922
9795
5891
13884
8499
2953
6454
285
3611
4136
15874
12613
3241
13175
11442
13493
7762
7021
4550
484
402
910
7727
7817
5931
12716
5751
12421
5560
13232
15071
3786
2946
7793
2466
9490
10964
5800
12823
7399
1829
9888
15077
5301
10998
7746
14922
12378
9120
10084
12499
11327
10484
12538
14531
12606
5291
6963
898
11448
15631
15072
3325
14910
8580
11121
13715
10148
9075
14178
4015
13941
10351
11344
15073
1413
6145
1400
10794
11028
15323
4316
6091
2929
8765
5175
2694
6529
4911
14973
5127
5164
2615
8875
1866
2453
15485
8788
14779
11981
7517
10598
11009
728
2874
12185
12013
1499
9515
15761
3423
10517
1306
5200
7874
1384
2417
15903
13905
7715
1391
8866
13215
570
11827
494
12834
13687
6525
15966
4758
7544
9627
10852
1830
7888
2815
6714
12490
11282
8992
12724
3078
4671
3415
11592
15325
1614
7933
3679
9448
11896
4159
8917
8006
3910
8738
10779
5422
1174
14553
7902
13579
8315
13368
2292
2506
9781
7226
13202
12190
12292
9317
1209
13616
9654
8598
10193
10604
11332
10612
8831
9587
8181
12206
7316
6794
1871
12056
13697
3464
2073
2635
8371
5767
7511
3226
12453
14819
4582
15832
6785
254
11273
7954
11196
1418
14983
8876
1795
8044
8052
5650
13273
11811
6160
13996
1124
11539
10145
13730
4360
6324
8019
9065
6683
11388
3375
6821
2548
12551
5975
125
8161
7764
9228
11366
10444
8396
10129
11690
213
12813
12301
10437
10100
8564
474
6325
13163
8219
9046
3193
1986
15996
1791
9589
5098
15130
15257
10235
4996
4830
532
4190
11834
15571
15364
715
11402
9816
13052
13017
10181
7318
7098
10454
11688
14765
15834
1261
12416
15100
13694
1701
14824
2380
11422
2543
12224
9306
1349
15000
9964
9963
3254
15293
195
10030
1051
13254
8973
15723
2866
11060
6951
6328
7297
12059
970
15642
14410
15132
11557
14305
7258
4413
4882
15892
9086
6487
7161
4418
5898
10275
1578
7294
4223
7344
8754
3388
3453
1332
5661
13515
15225
12547
9693
15160
5201
1749
3105
1641
1107
5841
3068
2769
2994
6755
7557
7649
13023
11038
15314
11020
11040
14879
13274
7923
10538
10330
15228
13491
4912
10409
12855
3458
2240
6605
3061
15924
563
4208
2876
2156
3573
9508
1307
14892
4132
7577
14120
573
5691
15990
11168
12083
7776
1119
7892
47
14006
14010
14583
698
15682
8804
9826
14195
5128
10211
557
14980
13102
8003
511
12646
15123
8351
11400
1759
66
4837
12465
7417
14135
11334
4646
1742
4879
15828
15433
4664
4500
13984
8257
15626
14019
1088
6536
1068
8498
7915
10186
8867
10801
13858
63
8409
9246
4775
12899
4326
11890
13106
6287
3036
10049
11336
5153
9829
15039
5763
9948
13668
12001
5352
5143
3759
114
12315
5333
15923
2384
9485
10323
3568
5250
2162
12375
10350
15632
14146
15085
7733
14674
8343
7932
10362
6673
4394
15074
13068
8716
13696
10822
2408
140
9164
15357
6822
9229
6819
7022
3278
6495
18
2456
9498
8756
6586
9631
2054
7285
2882
13538
12524
5902
15849
15006
10173
13789
15672
8978
15604
9830
6712
6141
14920
3067
5516
10075
15518
12687
250
6034
10806
11618
7811
8112
9202
3824
15472
15382
11122
14250
8947
5825
8476
9622
2883
15017
10453
8212
3283
9525
12090
7154
2654
1988
4496
3486
8432
3813
14565
11406
11271
10200
13787
943
4589
14126
3815
5699
8390
6918
5483
276
2605
2400
2465
9061
1976
11819
3625
12851
2756
806
13436
7140
12246
15816
1298
12836
7057
648
12136
8785
794
969
4442
13542
4336
10301
4363
15944
11977
10191
6132
2019
6235
4842
4473
7373
3485
489
5074
10124
6532
14295
7937
2795
5963
13776
1038
7341
7386
5118
10169
12144
2877
14592
2942
9922
2723
4466
12863
6346
342
15928
15572
11734
3608
10209
358
14537
6892
15847
15488
255
901
1083
6352
6917
13353
3479
9705
13527
3361
9937
8283
9716
8800
8072
1382
11393
8523
12337
9659
7732
1072
15397
3452
12752
13793
15881
6750
453
15136
11031
6503
1144
13326
3362
4688
11414
9841
2440
3905
3901
4835
3798
2114
14197
12070
15510
7768
11625
2948
2970
7369
9784
13565
11285
5367
13509
4183
3735
5110
815
7618
15262
1554
3833
487
15014
13129
8861
9143
4735
12516
11864
3305
13710
10897
1404
7176
9054
13061
11501
201
10989
8715
9747
11124
7551
12555
1472
7359
3801
3441
48
12987
9709
13
5032
11468
10067
2324
10826
9620
1929
10804
11939
14978
4588
6372
5055
10594
5276
12288
5723
15173
14503
2298
9495
4362
11010
8617
8201
14071
7518
8949
8855
5115
9053
6956
8671
9322
3690
15282
8628
12029
15493
11833
3554
2225
9019
14957
15979
10695
14360
315
2235
14385
9284
6748
13652
6713
1955
14217
9238
11314
2196
12182
4728
7749
9893
6884
11302
6858
9685
4925
3745
15015
4767
9626
15240
13137
1030
10226
2364
13723
5780
5866
4869
12713
4144
14655
9597
6268
15194
4936
14078
11603
12719
7451
2905
168
7234
4427
8345
904
12095
12627
4949
15819
1787
11515
13653
13446
5496
1140
14252
8986
5981
266
2652
4353
3427
8456
3496
8462
8898
73
4179
4122
1427
3370
12608
12124
4066
12149
7597
14129
8533
9002
7569
132
12263
11156
209
15595
2300
10491
7682
4254
10677
3144
4750
3687
7962
2178
11116
4786
4192
10853
5834
13264
14068
14700
14293
13461
4545
7826
6207
10627
7982
9506
481
5426
5989
516
11269
2753
7494
13947
6203
12840
13067
10632
8382
500
15331
8637
7240
12535
3954
5719
5814
14867
11986
15588
10237
12255
11106
13685
8001
3064
5346
1386
3696
12106
10475
11764
11015
472
2078
12554
13417
14831
11418
9220
9324
1552
11785
3357
7803
9914
13244
8514
7245
804
7248
8691
2478
15441
352
12663
14963
2540
10485
4050
9924
8035
10488
4510
11143
14049
3303
13076
9851
9776
2335
1008
13473
3275
4528
14174
8332
15671
350
9044
3139
4423
13948
11923
2564
6665
6852
186
3077
12628
979
13907
348
4251
2999
9592
10018
4285
7641
5592
5089
8999
5647
15162
10960
10398
15495
13926
2439
12174
2179
4244
10999
15735
10669
2839
5165
7037
12692
10441
5393
11114
7074
5109
9155
7041
883
10782
9163
11805
6835
15854
8438
15222
7981
4139
55
10386
7585
8858
2640
5552
10134
1995
2613
103
4941
7850
12829
13443
12158
15223
7584
8995
6591
15475
7393
11349
10062
4743
4231
10096
15430
2838
4113
10133
3706
7720
7375
5205
2966
5420
5548
4784
2959
5018
12737
187
13414
8294
614
441
6416
8081
683
15784
9292
4176
13431
12634
421
13162
3378
13663
916
12159
8176
14326
10298
13524
6596
7919
2800
13239
5254
12496
5509
10287
11042
58
902
12382
12657
15899
12392
1249
2954
4234
9077
15243
7806
3235
8123
13873
5181
2868
13929
14280
8091
13845
6332
9484
4751
5051
2900
1723
3321
15705
8695
1285
15911
1522
273
524
5519
5133
3916
5972
15684
1964
11110
11439
1629
14820
8317
12010
9927
9644
10001
552
11996
6357
15616
8138
9762
4409
2798
6046
2352
12488
8215
5915
4621
688
10217
2212
3618
2513
14681
2469
7985
1790
2645
13421
4364
1322
10941
15888
7361
9892
5395
4976
9603
11180
8194
13255
14490
13058
13343
5079
13241
6404
262
10951
6403
11576
1180
960
13181
12596
6171
4282
13552
9878
5370
10279
8859
9369
12720
3063
10161
14062
14408
10155
13051
7210
2378
3178
5640
9697
13965
6229
4986
5027
14979
6223
8860
6406
9121
11732
11872
8292
9607
6867
14251
6318
3902
4742
4233
2604
13867
3198
11560
6465
3141
9859
15036
3812
14816
15171
9790
10647
980
14316
11752
4127
7340
8335
12875
6903
11433
12982
6273
10158
11092
1308
11134
2945
4602
8591
36
14046
11523
7843
3266
8348
14320
2901
6401
4452
12512
4274
8527
11980
10446
345
12860
9505
9331
8362
10657
3422
15563
9078
1442
6871
14258
14691
8650
15483
15333
3566
9866
4682
1725
12588
6983
15094
6120
14270
2040
15328
14893
13913
2637
10798
12019
88
7578
3685
119
743
15589
14269
8619
13214
9642
10748
13816
142
8389
4506
14917
6386
10636
506
13381
1633
13179
11953
14782
8340
1267
7856
13760
2593
7502
7442
9040
6491
11155
15656
7129
5394
7726
4791
11969
10753
11559
11382
11632
7043
13602
1115
15603
13865
12714
4934
8146
13312
1151
415
5378
9874
8925
3531
12165
57
12776
2632
6699
6190
12682
3350
2777
1373
13826
5846
1385
14398
5590
14463
1489
5047
851
13121
9365
13500
9480
11926
5076
4091
3153
11854
6186
6730
13746
1207
1602
3435
8658
15607
13976
65
301
654
3578
12848
7686
15128
4054
11024
7357
13144
4303
13573
2452
7625
1340
723
11586
2189
15520
12166
7878
7741
4235
1930
14281
14626
1800
14796
809
1712
318
6554
4573
7832
15301
6006
10238
14138
5044
13673
8387
10505
5609
7770
15204
8596
14161
13820
7330
3029
10882
10489
11339
8488
9175
12946
8406
1680
8745
5978
12697
3468
14670
1620
1751
258
13259
12603
4229
469
10185
8455
7311
5572
8109
6762
11859
1764
2265
14171
7801
15351
2778
1452
7114
9082
746
13399
6764
7582
13185
11924
13949
8414
14379
11568
3654
5916
9165
423
10091
4221
101
5161
2433
374
10416
13851
6812
6118
14074
11841
13081
14939
618
12120
14378
641
11234
2432
2141
4903
5744
8479
11853
6033
14668
14832
11903
4047
9534
4001
15537
10137
7481
6998
14255
10141
13158
6936
5222
2909
14329
1632
8334
11434
3432
15435
5577
12591
8581
13100
7711
10628
11826
9363
15018
2850
4824
4368
5500
586
3617
6579
15032
11942
7138
12733
15013
2968
3768
5058
12819
13745
13188
4529
10965
4337
7563
13985
6754
4974
8620
4380
14896
2614
12537
2151
15746
12661
4802
15750
1009
9731
13658
4116
7833
4271
4789
2139
15124
1741
11146
8777
1970
13607
729
8893
106
10423
1689
2395
1204
974
2915
4154
10974
3434
987
12941
8281
14545
1582
13930
6908
13861
10073
14209
3855
8838
1500
5598
15846
9634
4421
14631
10194
6453
6370
1927
10363
7055
13424
94
11389
15927
6753
867
8590
3037
1375
9377
3783
1597
9128
10471
9562
15060
15636
7784
1218
11533
6366
7236
634
11377
2676
10170
2922
12517
2693
6661
6451
15458
9564
961
14
12885
15242
1192
413
3402
409
3260
11216
4864
4632
2454
12176
4177
7257
5696
15504
10803
3688
13490
10443
2361
12957
290
12230
973
10692
13562
12345
2801
11737
2280
360
4267
11832
8461
14090
4640
7540
1087
1406
6425
15649
13531
4180
5174
1147
4752
14603
4977
3419
2748
9417
4014
6557
8233
7721
15022
12464
9368
7262
13643
3927
14989
11069
9410
2320
9535
188
11781
3111
1962
11160
15471
7052
2252
10081
7003
7713
15005
1674
4520
7118
7920
660
1691
12268
6957
9929
3716
13818
14887
9346
12916
7047
4140
7281
1205
12358
5070
3668
14745
6874
15855
8932
9400
13533
2752
5498
7993
11816
9783
314
9174
15465
6607
12394
8041
15508
8886
7601
40
12172
3414
13479
4431
6388
10958
12485
14355
4838
3369
676
1309
2671
1709
13642
334
6905
2965
3526
4283
13857
3982
8863
1793
2648
13808
1827
11385
1536
15214
991
662
2573
14875
6258
14557
14275
8570
12918
11226
12923
8478
12924
7533
11181
7816
4237
3781
5271
12745
13040
7150
3317
11931
7548
9689
11735
9740
11242
9073
9798
15291
2553
15386
11379
12510
9619
15592
1129
9583
15960
5557
8048
9100
8046
10917
9802
3060
1262
10408
15146
3977
4878
361
14702
814
11623
6614
9190
252
14642
13380
10651
2473
2633
2307
747
2389
6457
387
6641
9926
7223
13066
9256
4628
10490
12947
5580
4087
3967
13234
1630
11604
1220
9581
8682
6769
8554
3770
10371
4011
15260
11591
8803
4899
5736
2602
8264
15498
673
9167
7058
13022
467
10535
3166
4300
4505
3572
12803
8117
359
9961
10138
6620
965
3763
9326
14509
9827
14549
3577
2747
6298
14697
7286
2274
10893
246
15007
11972
7567
3050
14370
13528
10634
12205
13105
8953
3744
2099
6613
4740
9415
6870
13813
1183
8847
10043
13521
5090
4889
6938
12662
11935
3539
265
11999
15350
1596
8178
5726
7008
13152
1347
15276
7206
8435
12943
10610
6279
3253
11026
2297
6394
13036
15384
11749
8821
14990
10240
3557
8730
4074
15278
11521
8454
13966
13197
15517
2467
7194
9182
1535
3046
537
13574
8286
11484
11920
15142
7346
5376
11470
8325
8550
12743
4581
2330
7637
5278
12736
6806
7611
6049
5776
14232
9003
3225
9397
14229
14394
482
2023
917
15900
3364
6003
15059
6188
2771
3469
10949
2631
6353
12783
7493
3412
508
25
3117
3712
14465
8727
327
8729
4115
13360
2346
2416
12184
9457
3663
5752
10900
11818
8683
12742
3586
12967
2697
3636
2582
1926
921
1957
4960
323
5232
2087
9341
14441
15540
1767
9187
11879
1551
12127
7785
6206
9193
5449
7406
13231
10023
527
15745
3230
3601
4259
4020
5662
1123
2939
2102
8724
9890
6377
14145
11800
11645
13827
10938
13075
13939
10944
7160
1878
3524
12927
7669
1529
6628
8748
971
14247
11436
4772
2566
14761
2773
7409
2501
2210
15090
7870
15568
5025
541
12837
4032
11532
12473
13403
5067
14788
15879
5527
628
7786
626
8480
11762
8924
10106
4331
15341
3204
8905
7466
7748
2843
10975
8216
6485
3865
4276
11610
3237
10784
5603
15929
14190
9146
7152
6927
9421
863
6929
13328
414
2336
2930
15445
1876
6788
6933
13355
1496
6526
11921
6060
11563
10093
9846
4228
11930
15134
1824
5434
10447
10567
9347
5349
15625
7124
12391
278
13020
1731
5324
1131
8243
6705
9438
8609
4432
15114
7453
5762
1909
7576
510
1303
4689
12107
8510
8163
2072
6598
7380
2857
14907
7908
15585
1785
15427
8137
11194
9496
11078
10637
9159
2620
3009
10699
14367
1713
7349
14720
13390
9302
10176
1050
9782
6964
12053
6174
2158
12812
6542
14393
12326
12450
8810
15266
14475
3960
5043
5845
1445
9593
2026
9522
696
14491
3231
6777
9389
1503
7839
14725
11602
13914
9372
12563
14918
14027
2183
8983
9917
8288
123
4710
4739
8272
1236
14112
7876
8200
4699
9296
1783
343
6288
6573
13680
15319
6902
13536
11207
13877
6592
992
836
4392
2630
15516
11415
2600
8605
11637
8964
1598
12961
12409
14536
9037
13753
8430
4186
466
11876
9903
13666
6815
3240
7944
5950
797
3
3405
4471
14207
15391
6549
11452
4287
316
3104
6243
15034
1137
3248
5063
3261
8255
4944
6040
3430
819
4571
2406
10679
14184
3707
3311
10264
1971
2987
12816
11575
15217
5956
5569
13310
14539
6615
518
8174
4509
9109
711
9822
4598
13523
1238
13063
10031
14470
4947
15848
1440
15431
9528
4715
822
7553
8495
15312
9741
6626
14541
13624
15628
12939
3034
14085
11219
5589
767
13968
14945
7141
7534
11831
12650
9067
8571
11132
9596
7841
7581
15137
927
9621
15957
13718
6111
6218
13637
13852
328
7065
14317
15541
8975
10087
10639
6212
13838
13876
11432
7855
3066
1882
6082
217
3919
12912
600
11525
5952
447
2488
7296
14784
14116
3443
1095
7680
13458
2943
6863
4744
9847
9523
580
890
12704
12138
14829
10322
15807
2172
1547
14198
4028
2780
8279
7595
7107
11272
11573
6340
7428
5965
9404
11059
7068
8952
8507
5497
6090
590
12146
7922
14022
12341
849
8698
14372
10332
14142
12366
4277
9882
1365
5914
7658
8814
7072
1138
1241
15226
14446
11547
15838
8522
15860
10051
11756
226
8854
4415
6168
13419
15910
8049
1476
5131
2359
8786
4317
6953
13496
12188
13788
10716
14959
15645
4109
15553
4129
6636
4855
15026
15297
5957
1025
11751
12877
13871
206
3863
7333
2374
1839
3293
15729
7413
4041
13837
2497
12567
6909
555
13000
10561
83
13300
3280
15930
104
2617
9579
7903
1533
5761
13062
3791
7644
13942
2924
5007
6399
6507
12085
4730
8494
10907
9785
3931
14924
11612
15478
1450
6231
2672
13508
230
13514
985
11190
9340
12223
786
9848
10421
3856
3519
1899
2811
12880
769
1754
15880
14257
2527
14851
11728
6555
13448
6013
9308
8065
4145
1702
5551
8167
15769
10832
6848
15041
14511
15374
1299
14118
2704
7696
11725
11514
717
6181
1268
7750
12843
8639
11417
8056
13004
5508
5893
14484
4312
12291
15875
7324
9512
1639
15303
2091
1775
11965
15974
15542
5023
2381
11509
14767
13738
6548
887
3218
6749
10387
10396
380
13074
11082
14735
6550
13994
3448
10664
5170
14903
14008
8013
2695
14087
9090
2351
14504
13418
12992
14628
14768
8363
1185
7365
13384
1954
2928
9679
4897
14943
4774
435
10991
1327
1722
8468
6326
9309
1176
11693
3802
4639
2207
7254
2623
7458
3195
9110
4645
8410
4843
3075
14552
13425
13517
6561
3194
11403
14611
789
8368
1444
11587
10098
9208
14033
15310
15756
5413
1717
15057
13059
7947
11459
15981
8557
427
7610
2935
6257
5715
13359
5218
13520
2321
5108
2279
5258
12565
2318
15727
13486
3615
7847
7477
15694
922
4992
5995
12314
893
2059
5419
4465
1011
14844
12026
3980
11025
14948
4690
7059
2355
10589
2667
7898
3052
14847
1519
6337
12670
4886
2046
3121
850
11462
7970
15767
2906
5392
2111
8764
15525
7128
11245
450
15624
11624
173
13420
434
233
9243
14884
2422
15994
1457
7120
6362
8912
2315
12552
10583
15218
3642
5100
5920
10569
15818
13278
5212
10470
8965
2974
15101
7896
5120
11139
14862
15294
1859
3455
7918
14581
2547
8647
13024
8110
15701
12757
9717
12426
3136
7087
1518
5086
11503
15413
15457
2446
1377
13709
15122
14246
4849
13118
9947
585
3473
13134
9810
8295
10690
7440
5034
12264
15726
15188
10157
8253
8188
4695
12838
8152
7426
6704
10668
11264
13161
7719
12023
7014
1508
6185
1912
8829
5024
8552
12732
13377
1801
5614
11667
12067
9137
3556
9383
15765
4982
4063
12270
15940
7728
11951
7911
4642
13111
2070
3694
8618
15208
8505
3087
1512
3932
9454
1672
10227
9267
8857
5225
7900
3541
12917
8411
9004
1312
1019
535
3372
841
11149
5634
15557
10969
14619
8623
12089
6423
1807
7529
15082
14853
8750
13532
14218
1799
2565
13086
13138
12545
5411
14155
578
4636
7822
3970
1187
15151
9189
11543
15836
11253
10739
7979
15953
14073
1295
3224
9381
12735
10729
4018
2869
1667
3466
8603
8822
15731
3708
7697
1870
6155
12760
9867
14391
7237
3532
11261
3614
14572
6878
249
12794
2567
10515
14923
8746
3123
6660
8061
5502
8150
11554
4405
5924
5505
8577
8228
14499
15509
5900
7917
2571
9668
10229
10478
13846
10828
7863
7652
805
14715
15869
8291
8311
12787
15637
9842
14089
7702
13842
12449
15402
14016
11507
4148
11283
6426
13406
1283
5015
1141
14044
5932
864
9667
15594
11262
14440
11513
975
5555
4071
12498
9344
6531
5550
11993
3664
13337
9743
15016
15251
14805
2286
12482
15456
14177
12452
12218
15287
12160
10374
2024
15742
2493
10824
2211
4832
1171
2950
7411
2377
7251
11458
10844
953
11966
10072
432
7731
8107
4236
5150
13931
11937
10401
11812
1677
5985
11306
2978
1213
9666
6756
4207
2809
15851
589
15444
8954
8241
8289
9808
15937
5745
15446
8613
10878
3186
10451
4308
8122
15987
4153
6052
5684
3537
4523
2229
6323
5790
227
14562
4260
9501
9249
15324
5372
6252
14124
12044
3936
15415
4284
11783
4386
3039
10778
3906
1812
4863
6530
13671
2892
12076
8648
68
593
12445
404
1047
5292
5621
13550
923
10970
5116
803
9724
15976
10674
9527
11455
3262
1945
8423
14575
8487
6612
7372
1255
8118
6855
163
13646
14502
10002
4102
15918
6576
12522
14706
3213
4840
986
6857
4088
10068
5611
11307
14420
5045
833
10324
10995
7078
11551
1501
5816
6209
15986
10052
10872
2066
6139
14292
2419
6501
8705
9979
6214
15452
1825
12614
3881
5949
11707
12769
7598
13107
13077
9227
5193
5863
15201
6965
96
5615
393
9425
13648
3520
8018
3024
15358
1229
15668
9213
9742
13887
495
1810
7559
15491
10220
8968
13280
5260
15346
9641
2470
2481
941
12784
8770
6028
7677
13736
7789
7673
6935
12826
15933
1329
5792
5882
6862
2317
13622
4238
15396
14399
2703
6732
597
9936
13501
9787
15653
7111
3041
7640
4983
11113
28
10438
12785
3279
14850
2810
7694
9969
12889
5735
7405
8525
11793
12495
11101
15665
10034
4829
12677
13498
9980
9470
10698
15502
2619
7560
7334
1271
8830
3544
11224
14457
13772
4946
15743
784
12348
526
15965
13761
11906
12063
9868
6949
4445
1895
5009
12701
11914
9379
2538
5769
950
1729
15371
7045
3542
10918
6320
11225
2790
6736
4422
1637
3215
6625
3374
4662
4169
14871
6116
11828
707
7445
15882
11984
525
6497
2122
5896
12882
959
10571
8448
10710
4098
6281
7859
10384
10341
15332
5332
5064
375
944
2002
14942
10760
10726
10566
1761
10232
10808
11990
15896
12666
11763
12373
5872
808
4958
2166
2037
1660
10638
8365
11717
1757
15180
4439
297
15958
15831
5095
4880
6162
8057
5888
14172
2921
14640
2627
10328
11768
13720
3506
2140
13333
10223
2894
15389
6519
9577
6115
13505
1794
4493
130
8278
7489
1033
1279
9092
10795
5549
11555
5886
3000
14240
9441
5123
7936
2732
1338
9388
1873
1073
2163
7242
13824
3165
6582
7531
5826
12526
14690
12216
4458
3376
6987
15270
2660
13449
12004
6974
5158
8880
13777
3533
4395
1497
2659
8054
3182
5523
6087
6464
5856
6121
3026
554
465
15174
4369
11571
765
12061
3909
1112
5288
10921
8367
8679
354
5078
5911
2715
8197
7307
6364
1528
1590
12976
5547
13304
399
3949
8014
3529
1925
13516
12680
5444
15219
7638
12359
14508
7392
11784
758
8569
11901
9789
1615
14926
7109
15506
5214
7356
4781
305
1194
5941
4776
13293
760
3838
9529
13009
8089
3344
9664
3998
8477
4938
12285
13587
8401
3208
12618
4757
11076
13504
3518
14672
14950
11959
13357
5718
6151
7148
4280
13116
12401
6945
13378
6645
8168
14845
3267
10937
4890
2106
14841
14662
8931
12438
12571
10506
10856
2549
2276
5817
15252
3051
13682
5
2373
11895
4149
2203
1747
9314
5248
1069
4860
9651
13078
11619
9788
13891
15865
6634
8717
3401
9236
6954
3752
6618
14827
10836
10251
2580
9674
12065
3997
13609
14835
3882
12846
4770
9467
14930
14600
6912
13499
1477
3451
11096
11072
6068
4683
3299
12617
8383
14890
13350
947
15687
4023
14152
2104
6771
6092
6489
8768
1886
7802
12087
2038
13201
15766
9207
3285
13497
2155
11846
10672
2507
12503
9102
11089
8015
604
11120
1161
1082
9370
6198
2475
11830
2188
9519
629
11027
9232
2498
8187
6351
15455
13581
11857
6734
750
2293
11628
10906
11553
13468
2227
3168
5679
3478
1223
13315
2277
8774
6135
11259
11565
1458
5581
15797
2075
4706
4313
14883
8997
10704
623
10564
7905
957
11395
4722
3749
9244
11662
4893
9231
3095
1447
2535
2609
7994
6663
1453
6183
15513
12968
8939
15337
13960
9713
9715
12862
4252
4801
4077
14786
10635
6845
1645
9569
13149
1928
338
15967
210
267
4799
14425
15238
15532
7431
1760
5988
7174
514
3005
15273
9489
5982
15752
4408
1510
844
9313
241
3227
2926
6800
14434
10041
4016
1023
3860
1606
13893
12996
14462
1075
3159
5968
1405
12068
12064
5808
3605
7219
3192
4174
12328
4356
15249
15167
8918
167
14048
9409
8453
6483
14227
12196
9983
12274
10397
15558
10225
9131
13518
6099
9085
7779
3124
2360
9319
11368
235
8502
7871
15496
9007
14733
2925
10683
9416
12925
4412
13480
13693
1498
4749
1505
15428
13548
11782
3431
8024
11835
5486
12280
8556
14649
4141
2138
9930
5541
11822
15244
15256
860
11328
1649
4959
10054
9223
1548
4656
9342
8900
15527
8612
5013
13769
14029
5675
5779
3021
10420
2168
1273
768
12364
6502
14940
9719
906
14053
9142
11353
1819
3502
14637
14183
873
12459
9210
9152
10109
15780
13645
13174
10269
14573
7113
2837
7127
4393
8098
8809
7017
3742
11345
2698
1673
503
15886
9412
8524
14607
10572
9327
11165
13288
4768
5668
5638
1199
3659
3616
4995
3199
408
2269
14059
4323
4138
1666
4716
7496
721
2085
11950
13859
3720
9881
8638
11552
15115
15112
10130
11995
332
7942
3326
9031
15988
203
6539
1555
6993
5310
3158
2429
12463
6428
12898
719
6925
10769
3398
14359
1577
4525
10700
3083
9293
15786
11644
15984
3620
15554
3044
4998
15947
10077
12393
2461
6627
9349
13247
12575
7136
12402
15088
11052
3940
8604
2304
12936
8976
5979
5782
13057
9473
5694
15696
9780
3638
13576
6397
738
13211
5599
6143
12241
2804
3875
2471
67
9682
11217
1376
3379
1541
15685
5951
3313
9990
8344
8388
15264
14547
6851
12975
1412
1711
1658
5708
6934
12308
8713
2763
14220
2208
3155
3736
9852
599
14783
6449
5558
5318
1540
10047
1266
10313
9729
11506
5796
5595
3294
4110
473
13868
607
5624
1710
14444
4763
7408
13124
7181
14789
13843
13734
4794
7012
10682
9036
13263
5960
3048
5565
8428
5468
8071
11129
13923
33
10459
367
3719
14291
2487
14119
5939
15890
238
9540
13798
12036
7992
8842
5778
10481
12157
15267
15646
10685
9845
15555
8230
3499
12363
15110
7195
9550
15234
1200
10292
5786
6067
15698
14389
5463
12278
4175
15917
5451
2310
12525
11369
10228
12387
8941
1378
14996
3027
15150
476
6853
1361
10066
13042
5704
4293
2766
11994
4516
1557
7710
14287
10142
11745
13958
12122
1698
8597
15534
11774
2103
10497
2394
601
7352
4923
1669
11441
15349
12568
12349
7671
4029
13969
8926
13537
14723
2113
10945
1993
3806
7488
9862
14721
13910
8433
8991
14077
5368
14223
11210
2853
1802
10022
12443
12748
1328
2159
14803
3049
9021
12796
10532
8693
13276
13238
3890
13502
12327
3837
6276
5810
5646
1591
1653
13563
2709
6042
4945
3173
896
1449
9216
3921
14837
14306
12842
3775
12266
15437
14458
6166
878
14881
11288
14507
2050
14855
13932
8134
772
7094
4376
6158
2424
2484
14818
11326
8561
12306
2387
3072
5499
1042
8051
10708
6826
13799
10703
7879
4366
14993
5630
9633
6379
12272
9702
4093
2295
15639
9551
5037
8314
11142
12493
12935
30
3079
14494
177
6737
10389
714
7606
9071
6445
10923
14707
113
8104
13088
10011
1562
3755
4328
6216
1868
3803
2379
8565
4626
1726
10903
13093
10182
13639
8883
4120
11697
10891
6217
14589
522
4040
9757
2443
9531
5677
11771
13934
13539
6302
10916
10407
5999
1244
11460
9799
9469
7885
2027
2728
1575
12352
915
6839
8284
14153
8119
14836
13454
12322
1765
15820
7207
7873
3035
15135
11825
3380
3102
6208
11033
2561
12896
8913
9172
1348
7881
10083
6786
13302
5309
12390
5481
6300
12711
13110
543
157
10624
8602
15814
1817
11424
14949
10660
2362
9356
12974
12594
9766
1877
7025
8053
9364
417
13655
12972
6631
11387
14852
12229
10797
2486
7961
9545
1549
10805
304
5231
4024
8333
10202
9834
15692
7272
14574
12932
15182
7701
6875
6109
13765
4910
6383
4278
15076
11268
7290
1735
5639
6057
11419
755
15602
11447
3743
15395
3920
13056
13647
1818
15762
1847
6005
10934
1850
10764
7747
895
1020
14675
12489
2476
5642
11691
15787
5401
11070
10865
11496
14858
6968
576
14656
3571
9544
5466
81
6880
13940
411
14262
5226
14423
6467
4928
3842
8211
11494
5149
4894
15028
1231
13544
6284
8761
10799
12592
5953
3273
6818
756
5203
5036
14060
10255
5787
15439
8418
6101
8974
11910
11561
2388
12782
10858
9047
8036
15394
5892
13986
14944
3669
12407
9357
2343
4462
4297
10996
11075
15390
4107
2069
15299
9817
5495
176
10830
6827
5406
15827
2545
6559
4674
11392
15048
7796
12477
12428
9259
2299
2628
10914
13159
12562
5199
3384
15442
5060
11673
1157
14166
1269
1421
9912
5408
13047
7592
1891
3594
13595
561
5447
12432
8179
3930
1469
9224
14108
5663
8
6832
3613
15052
3674
11412
7945
7959
5003
5223
7227
6210
1366
5858
15372
11794
1774
14344
12312
12455
9006
8851
4397
13401
5878
2847
8149
2426
9985
13464
9690
9460
10382
10293
11284
3425
15717
1415
1416
1700
10768
5716
1733
1062
7215
10971
6018
10785
6523
6180
1766
13800
11398
3118
5178
2708
13613
5380
2767
7778
13727
9087
1022
1035
609
5331
3484
4593
15144
11099
13897
7714
9226
3870
8028
15651
14663
13070
12354
8546
2520
8685
13735
3400
14342
6881
14543
15414
13903
7273
1234
9209
10215
371
1821
8378
8516
1670
6050
4876
3292
14703
13742
12944
731
5246
9055
6460
15634
12761
11788
3288
4902
7137
11166
5711
8818
14997
5125
151
12699
15245
2817
9543
4764
11080
3810
10400
11695
14248
7829
7528
7077
7853
14905
5019
1860
13012
14746
3354
5195
12824
11056
2757
11421
2314
1490
4319
3884
10579
2201
174
9752
7182
9183
14361
4031
4012
14404
12105
2016
1648
455
9744
13792
2967
6429
3413
2594
7358
8055
12561
15185
1663
95
10171
6692
6396
4657
5849
8460
5177
7238
14253
12298
9915
6051
10472
5305
12895
13882
13272
15710
7410
3059
14368
14648
2825
11209
652
7165
2606
7810
6083
12220
7663
5537
390
1748
6
8171
8511
8878
15360
3004
1330
4733
13888
6211
1323
14187
10282
1259
5759
5807
10565
795
11983
12384
10436
1940
14418
7526
15356
9591
12804
1992
4389
9147
4746
8542
10689
3373
15785
10139
7950
2977
3088
10244
1362
1111
4161
12903
11081
1105
8256
12676
6356
4914
14439
6061
9839
370
15806
9860
131
1786
2421
346
8894
10743
7060
4265
15054
10154
5407
5973
14492
6038
2425
5026
14136
5671
12828
1437
4460
1924
7653
6888
13120
11117
1292
14885
7672
8039
1106
8615
14520
8474
15210
7631
502
2200
11310
11630
832
12534
3923
15189
3830
4503
5491
14106
1221
12347
10021
8346
3042
13892
4994
3335
8659
10962
9475
12580
1145
15596
15811
5822
385
14802
847
9566
180
11111
3874
11748
7364
8124
1618
4072
14133
13372
355
12931
11029
9590
4907
5253
3944
1998
1513
8849
5722
7647
13564
8755
307
12376
4705
3760
10829
2170
7064
7125
3098
7244
682
15053
2907
12046
4035
7613
3081
11814
4556
5157
11003
1417
12289
14688
14339
3319
9872
13691
9823
10243
9301
3604
1037
531
5227
10048
1004
7282
11932
10242
12647
2802
8310
13599
14488
7509
11865
10291
6715
13191
5993
13748
14094
530
4834
12964
3442
3450
11467
6599
4340
1451
4459
2098
7948
223
6385
1769
528
10924
10315
7627
12269
1869
6900
15587
5183
5092
10909
1572
9291
14061
10910
12167
10927
7066
4086
8560
10652
5945
4729
2932
13832
14245
2969
15309
5818
3585
7825
15011
11641
15775
13423
4467
10813
9285
4966
4134
6566
2741
8445
14759
4673
1514
7813
5606
7232
3291
12795
15425
10715
1880
834
10105
9294
5467
2937
13243
9375
4400
4367
15033
12411
15945
14043
4973
4713
15166
8907
13317
8103
5148
4171
5773
5515
12234
5998
3835
13339
15065
3129
8375
8235
2552
9241
15106
4929
6716
9635
3403
10527
5061
3639
5917
12821
4307
2131
10065
1846
9954
5295
4096
9472
7536
15203
7470
4796
10904
337
14460
4560
3702
11397
14154
14780
3873
11416
10474
9753
4172
1892
2758
13908
8153
8979
7505
12707
7939
4347
3847
5197
3683
8199
15577
5853
1566
6315
12509
7347
4198
7416
10537
9150
1763
7421
14524
5290
12037
3925
11300
3076
5713
12429
15316
11917
8156
7626
7889
1984
9114
7890
15906
15378
9030
3990
6513
7617
9538
9646
7203
4850
7093
4866
9160
11611
9253
2666
6240
10758
14413
15519
9401
6868
6775
5162
874
2516
1989
1586
10012
1844
11891
378
14669
12788
12249
3349
6054
8372
13619
13660
9297
1985
449
3535
10473
12705
12576
4301
6791
4146
15575
7995
11598
919
15660
1085
572
10146
1167
4627
12999
11874
9998
9804
7679
13596
13383
8661
4450
14419
5391
12244
12644
9095
8916
5355
6606
1297
5607
15355
14338
13615
6110
2916
2455
11049
10735
3392
3937
12342
231
547
1961
3309
9276
7079
2325
6373
2022
3662
10
2392
431
8632
6731
6192
2423
10308
11719
2893
15793
11014
2180
1963
11316
7951
9671
15664
9500
1530
199
2933
5645
14932
14856
6147
10881
9035
5398
224
15567
13450
13115
1345
981
6622
11473
1732
8846
3115
2653
14263
7433
13361
6410
14496
8261
10295
13880
6175
3028
10039
13025
7935
15343
840
12140
13171
6498
2737
3729
7552
11054
1559
242
2742
9133
9184
11747
171
9678
6077
2972
11250
757
443
12919
13133
5940
2428
5586
14482
8856
11780
3651
14011
14007
8222
15499
3756
10812
2775
3345
9770
15983
792
11383
12242
4216
14014
13568
10731
12439
14212
14775
9140
3851
2031
10892
13755
3877
8449
228
165
11172
859
2512
13125
4643
6931
4377
9891
10213
13452
