3113
1747
2473
2535
1834
3126
1240
3503
2771
1753
3273
1455
2193
3954
3862
3469
1969
2983
1059
3060
269
2604
3675
2778
1254
1680
1323
1998
2852
786
3436
3015
2190
442
1842
480
3216
3579
1854
2196
3661
3822
2648
465
88
921
89
2338
2837
1826
2120
2558
3162
3630
3558
1835
223
2924
246
1895
285
2197
2232
1684
2844
3891
3016
427
1631
3904
2654
1871
3063
834
1785
1118
2440
1614
3111
3124
2765
904
1290
1954
827
511
35
1958
630
505
1309
2788
3433
1885
1641
2420
2241
935
1127
3905
1108
2127
1568
2369
588
1541
2311
2937
1940
3412
901
587
2307
3354
3554
994
140
112
2352
1261
453
402
3881
1603
2974
733
2846
311
554
1916
1624
3283
1508
802
3488
2525
98
3403
221
539
635
1606
1636
3644
577
2027
1063
1439
1028
275
3277
1015
2997
1764
443
2155
2783
1078
2142
555
529
3382
6
3588
2658
3062
2948
204
177
2460
2259
2913
2108
2491
2516
1820
479
3228
766
1139
1413
1000
3275
1081
512
2847
850
1489
123
1147
3678
3122
1988
185
1831
10
134
3256
3979
3152
3901
1359
1807
2784
445
748
90
308
2290
3839
1658
2357
2815
2024
3843
1468
967
3850
3407
1037
3095
3920
3741
3676
2930
2954
3789
3377
1515
437
2566
3297
3924
3722
1336
3119
130
1007
2343
1734
501
832
1945
2692
2342
3246
3006
106
1881
2104
3629
2198
2121
1619
69
2617
838
3774
2753
292
327
1416
770
1943
1779
184
1829
444
734
60
2047
2185
871
2702
1768
2493
3061
426
2887
3337
22
2820
1360
3857
810
940
942
3304
1480
2929
3295
2583
2135
1767
2772
2247
2467
2611
2020
828
2620
1263
559
2790
625
2534
59
3029
586
1370
1314
2707
1654
3327
435
560
2666
2726
2586
1407
1498
2305
2866
2742
1409
3705
1378
644
168
1611
3921
2007
659
1760
1083
568
2733
67
1602
3694
153
156
2426
3296
963
1514
1790
667
1543
1718
2762
3647
1818
3096
1158
1984
2166
1967
1006
1230
3361
1605
1860
58
3233
1909
358
2528
3284
400
1545
2452
2519
3534
1426
2593
3573
1317
2018
2766
1446
2161
3109
1377
1794
2204
2235
1583
2288
2750
1166
3264
3056
2209
368
3665
1662
1212
3331
1267
2055
2879
2572
1596
1399
2165
364
217
3912
239
1824
340
1589
253
2495
594
2117
3035
772
1893
905
607
1364
1224
210
1070
3496
541
1588
2747
1855
3227
2896
1277
895
2263
1847
3217
3495
3229
1210
2487
193
919
2348
1899
1727
380
542
3493
3832
264
3776
1915
1321
540
1763
214
1060
1013
3511
3914
956
1216
845
2461
3516
840
2481
1114
500
3616
2545
3700
3522
3896
3110
2904
53
2208
544
3059
2544
848
3753
1925
3177
689
2439
1180
3578
3927
3915
1211
664
3957
159
196
2300
4000
3859
2100
3825
692
1406
2510
1054
2368
3251
1341
3108
1511
3608
2097
3600
842
2960
753
1801
2845
3091
506
1912
708
1040
624
918
3005
2914
3786
677
3078
3518
3987
3098
1536
627
2805
3218
3321
2663
3244
2590
1225
1172
3165
3498
3666
609
3340
934
3023
1679
792
1264
2154
1645
3531
72
459
1667
1663
584
2638
3561
1339
3472
3367
3669
492
132
2484
288
3470
2728
13
1992
2391
592
2699
2234
3134
1484
3289
1886
2284
958
3872
831
16
462
1848
3640
1352
397
242
3876
3603
3313
2559
3423
1052
3383
143
3260
645
1859
1196
937
1986
2552
3831
1045
1952
2614
2194
877
1207
284
898
3564
473
1962
2096
2465
2627
438
833
1251
2324
646
3398
2615
1876
3841
2901
2382
1346
1828
3506
3408
3543
3827
1724
1519
3389
1030
3733
333
2444
885
1549
2242
705
3272
3936
3393
514
2581
3662
653
3102
3071
3022
260
1738
3188
186
175
131
593
3566
3919
2438
526
3380
2625
2951
3916
20
1071
2499
263
141
495
1186
3591
3376
3317
2073
2782
655
2894
2754
3992
2713
2665
3545
1293
376
297
854
2660
1159
3817
2360
3882
736
3485
700
3427
1466
1313
1778
3779
3748
1284
648
3790
2184
51
174
2694
3907
1
2745
3494
329
2716
1844
3962
725
882
3003
2474
1839
3374
3585
2057
409
1137
1005
3349
361
2336
1557
2470
3505
1148
2605
24
1095
313
1296
3356
3047
3002
3887
403
2464
3833
2417
1593
1368
2616
1092
3070
2019
2168
1555
262
1334
1554
2927
2787
3324
449
2179
1425
475
310
419
939
1590
85
1262
1032
527
212
2106
1039
2255
1178
1050
3717
2091
2910
1490
2014
2533
715
188
3815
846
41
619
1621
1449
2192
600
117
799
2075
658
1987
124
3985
3594
2598
617
2985
3161
3151
727
3874
2228
1094
2476
507
3911
1408
632
3557
1237
611
3718
626
821
809
3300
889
3077
1853
2756
3178
469
2383
1124
2741
3480
551
3750
294
2599
710
381
943
2825
1412
1283
345
1832
782
379
2180
2515
3875
3761
1537
2362
97
1491
2763
1500
1694
3681
1504
2773
2618
1436
2518
1721
1291
2923
3185
2230
2838
1128
1299
2318
1532
888
1632
3965
928
1869
1595
1475
1653
636
1553
319
3027
82
996
331
3769
356
14
1836
1630
1775
336
579
1585
790
3053
2554
2851
2109
610
2315
199
1053
3820
2411
1608
875
1911
430
3009
863
1976
1817
2752
687
1748
1348
936
1670
3149
3115
798
2524
2087
429
3536
2969
1983
2349
2434
1973
227
2835
3350
2330
68
2643
2148
2582
306
572
1266
302
699
780
906
3787
2147
3784
785
335
1427
3740
1607
1194
274
1023
2827
1038
3475
879
3150
2379
2724
1460
1689
3796
1597
2469
395
2568
3255
3123
1683
3491
726
1226
2893
1017
48
305
2889
2804
37
2048
1577
2659
2283
1191
1703
3945
2066
2577
2451
2098
1467
2922
638
3837
649
3455
2118
3076
894
3690
328
2210
339
3019
922
3332
466
2809
1374
1246
2823
109
2748
1917
312
1924
1576
3448
3937
1552
3298
1347
3428
3267
2488
1258
218
3130
1656
3657
557
2139
1562
2557
2905
1570
1248
1085
3747
464
777
3036
3944
1599
1156
3854
3010
146
62
868
11
2698
2736
1735
2428
2705
1919
2671
3345
2990
1572
513
410
278
2124
30
826
1696
995
3050
1796
2575
1797
150
1116
1559
637
440
91
1617
2949
2895
2035
1138
2801
1693
169
2321
3154
43
2915
3242
3743
3031
3431
341
276
3291
357
1609
1493
2769
1182
1499
1458
1951
378
3362
3439
2637
2036
424
3749
2987
1561
1333
2174
3764
2882
3880
2556
1754
3193
3221
774
3465
2688
1522
496
1153
457
2304
3184
2270
1531
1883
2399
1206
3818
3402
2191
2662
1776
3860
2233
3853
3145
1286
383
3391
216
900
3864
1691
654
1677
864
3755
1312
3641
714
3215
3893
893
2457
2013
154
3018
3913
693
1739
2928
3689
1268
1024
2873
428
2888
3988
1351
2569
2709
2522
36
2819
1136
1856
289
447
670
917
3288
2881
52
1473
2435
2862
3213
3721
390
3890
2138
2246
2612
2865
1319
180
3900
3532
2146
2430
3453
1027
2009
1634
1098
236
3883
3054
589
1635
3025
2780
499
3808
1361
2675
1637
574
3513
1376
3437
1964
3202
3303
1476
3995
3370
1892
903
2842
2610
1486
776
2090
1907
676
3976
3082
3639
1130
3996
1301
2641
3155
1622
2211
2195
3631
1362
3742
103
2503
3379
668
2602
3555
1963
3759
503
2970
3462
695
807
2629
3424
2046
1018
1233
837
1465
3691
460
1073
2917
396
2543
993
2966
3780
1665
1527
1707
421
3258
1687
2649
1019
2798
3067
1810
533
2818
1257
704
1816
1524
1184
744
933
3812
170
3405
3993
3751
1623
1440
2730
2445
354
656
891
245
681
819
2471
3481
1942
320
39
3219
964
1244
2162
684
2976
515
2239
3587
1982
2606
2215
771
3286
25
1629
3626
2749
2092
2962
295
2546
2425
486
1759
431
1884
2339
3868
2088
825
585
2797
2774
3020
1276
1036
1197
3328
3571
1949
2791
388
1220
1905
182
120
3739
301
121
1736
2125
1483
2218
325
1740
3807
1289
3014
474
3153
3232
369
2332
2363
1179
2679
3704
1910
3961
3849
2173
909
3039
3507
2016
569
1079
2955
1849
2596
660
1594
3584
1195
149
3918
2633
1913
1935
741
857
2655
2041
3355
318
3889
2295
1717
2213
2015
3190
732
1252
2831
3734
31
3270
3477
1202
2123
3546
3687
463
1565
2967
960
738
392
1887
1488
1526
382
2225
3605
1896
2523
2972
2416
3928
191
1655
3001
2441
522
3754
1242
2076
2129
647
2003
1235
1093
1204
1994
206
3612
2725
3064
2477
3266
1049
2863
3569
1506
2312
1448
3164
516
2489
3643
3879
955
401
3066
1133
2841
2326
1478
1154
3306
3527
870
3611
2156
50
3888
575
3409
1800
1938
3156
2700
1659
1793
1021
317
1990
1900
2939
416
3836
3952
80
696
385
1713
613
3866
2453
2869
3697
2978
1353
1106
973
815
3094
1989
767
2219
3451
2294
105
750
1199
1155
2992
2656
1149
2571
81
2630
2779
3847
1294
2152
1222
3946
1176
3207
2920
3615
2576
3966
2925
3236
3878
603
2690
1857
3633
2021
3441
2952
1700
2947
3610
1751
2601
1878
3180
883
441
2980
666
3729
2737
3716
2537
1941
1391
1791
1002
3080
2436
423
1402
525
1457
2004
3176
1765
18
3828
1862
3799
835
3338
1381
1061
2022
852
2567
2301
3621
2912
3416
2738
924
3007
3785
1812
1657
2667
2587
1505
2122
2278
2158
1920
756
1253
3117
1110
990
3299
1365
2049
3517
1369
535
3366
3572
2689
2478
3695
926
1231
3504
74
2320
2202
1358
2043
337
172
1846
543
907
83
1101
1228
1245
2269
252
621
2672
2059
1999
2063
3358
3575
1241
570
314
2549
215
1766
3237
3978
1742
1141
3599
2309
3509
3282
745
2883
2403
2083
309
3955
281
3292
2455
1091
3065
3967
1902
162
3975
299
3034
1429
2684
2042
394
3452
2206
2864
1889
3775
1805
2367
1335
1494
3257
3696
2817
3672
947
1960
2085
1726
2167
509
3861
1174
1777
254
111
2050
902
1673
3654
2475
3895
1411
2077
225
322
66
2868
618
2982
876
1706
3030
353
1187
2934
2505
2551
729
3932
2107
2072
1882
1042
1813
567
552
1125
3346
1699
277
2833
3782
2141
1417
3040
1571
2548
1668
1649
3552
1463
198
887
2758
248
2995
3797
2231
3137
1798
3763
2631
3604
3655
29
1758
387
858
2354
2337
1669
1025
2401
232
2079
372
2448
3525
3684
2006
2933
929
3567
641
3539
548
3263
2217
406
1395
2906
3387
984
1996
3112
1507
1453
2956
562
1495
1451
3903
3583
1132
300
3497
77
3445
303
1866
1720
3442
2897
662
183
623
2186
992
233
1620
524
1103
2093
113
814
3326
1424
244
1867
2029
2032
2384
836
2902
2037
1833
1574
393
84
2081
1558
2886
1566
3468
2005
3869
3147
1660
2979
3968
1084
3204
3623
3902
3069
765
3097
2514
3168
962
1780
2884
1087
1875
2953
2647
291
1496
2497
122
2898
2810
2432
634
1651
1598
1438
3457
3699
1540
2574
2164
3426
3964
1250
1275
3795
321
1711
3179
3637
2800
2329
3711
3290
1769
1203
95
2757
1265
988
1648
791
1043
1974
1811
801
2874
3051
3482
3523
2407
1970
884
259
1929
1064
3131
1415
878
3877
1057
3974
923
1501
1329
975
1923
116
413
92
78
258
1716
2613
1676
2621
3668
238
2642
735
925
203
759
1221
436
1851
2061
2431
3174
1278
769
2816
145
389
2573
720
2744
1441
3613
3537
1119
1789
2446
640
1525
3230
1464
2712
1702
2994
1288
362
950
3991
478
2170
2010
3632
446
2693
2644
1891
497
1434
1403
2282
126
980
3851
434
538
417
3360
2423
494
1991
271
2421
3622
1056
1327
432
19
2334
746
3706
2189
3724
1947
127
477
1546
3406
3136
1482
3848
2940
3512
386
3728
3187
3287
2859
1618
283
2279
2254
2359
1067
2570
342
286
1533
3278
1937
1872
3653
461
1517
1234
250
3559
1274
1922
485
1783
219
1908
2257
2264
2012
3846
1077
3580
38
2673
268
3638
1534
841
1320
2157
3171
2936
2171
2150
456
1171
61
3464
86
1396
3429
3620
1978
2480
2322
79
3590
752
3240
2919
3249
370
2977
3826
467
896
3329
3607
3970
580
2813
3342
1382
1529
716
2276
1722
3430
3410
1481
1544
3142
3487
1281
298
1437
1295
3197
519
3400
3897
2240
873
1528
2250
1664
2370
1946
94
3073
2456
1626
119
2857
1012
2319
1143
3602
808
2291
482
2039
261
2463
3906
2492
751
23
135
3135
1930
1380
3169
2722
455
279
256
1192
1627
2553
1592
2710
3886
2968
1456
1123
3535
2409
1471
1384
728
2751
2153
2069
234
1692
3463
1388
546
1761
213
1803
3490
2696
678
2350
1823
2422
3200
3
3909
2406
1944
3375
2651
1815
730
2365
3301
46
2065
2293
2296
620
3334
2916
2392
1845
701
1345
3489
556
2723
643
1898
2498
3269
3432
1904
2188
1292
2410
1652
3106
1625
931
1168
1080
2244
1821
717
296
3293
3280
3399
583
104
1799
758
3139
2274
1400
1535
1366
598
2911
788
2632
3075
1066
2975
582
93
2084
2220
1315
1750
1269
2216
32
2822
27
2935
622
1955
200
1518
2989
1420
2116
2052
1997
1841
1906
1326
3692
2965
2580
173
2393
2734
255
573
1936
740
1410
114
1338
454
2402
683
1379
3254
3385
2080
3420
1454
820
997
3500
3636
915
3121
3845
2182
3447
564
2226
2639
365
823
100
44
1389
230
2095
3949
110
1215
2840
2429
3127
3044
1714
1372
2958
688
1825
3942
2746
2078
1975
1575
3989
3196
3736
57
1520
2115
1808
3829
2691
3514
2260
1164
2799
2942
912
2472
3898
2834
1804
1285
3395
981
2697
207
3336
3939
2102
2892
2068
451
347
2676
3530
3852
96
1356
1556
1675
1328
2755
3368
3683
476
1183
1695
257
1383
3972
471
3708
3305
3079
304
7
3981
553
2044
3819
3625
3646
1985
3746
702
161
3685
3352
3983
3159
3677
483
1120
2998
3386
3444
737
1447
682
1953
3562
847
3214
1903
420
818
2485
2058
3984
822
2973
3719
70
1688
2396
3541
3450
2400
3045
2591
2395
3834
3574
171
1152
2449
1745
1051
1503
3986
3519
3104
3533
3524
3726
2718
21
452
724
2212
1169
2286
1965
694
844
1046
612
202
3884
1256
3589
458
3565
1102
3814
2657
2341
3460
2727
3234
3824
2372
1497
1732
3394
1487
1270
914
3279
3205
3068
1708
3773
3842
3953
605
3994
2413
155
797
2946
1443
1830
860
3011
2508
2849
493
3101
2447
829
3000
2176
3501
1170
2527
3651
916
3959
3017
3484
1472
3401
2175
2858
2023
1852
932
2520
3551
1214
316
2739
315
3024
2067
3802
1255
2054
1788
3679
334
3910
15
3758
1162
63
2900
576
2289
2227
2932
273
1569
3084
3770
1385
596
1979
349
3664
1209
2832
3703
1177
1390
2683
2871
1806
3538
2223
521
1939
3515
3947
2986
2597
3144
2853
813
373
718
1165
3004
2433
536
247
344
2053
1014
784
532
488
1115
3553
2521
3601
3146
530
534
3085
3092
3364
1772
3199
107
1690
783
2437
2414
1421
3670
3392
3486
3892
115
606
908
3099
1367
665
722
54
139
1375
3028
982
5
3950
3396
3378
3276
2584
1809
330
913
1300
886
3206
2224
976
3998
3175
3330
1435
243
1035
2214
1639
961
1705
3671
1682
3528
1897
3042
2327
1271
2878
411
2105
2292
1567
3951
2376
3977
2222
2298
3723
1513
2397
2826
2390
3032
3086
12
3418
957
1011
2272
999
1701
1674
1135
270
2529
2280
3347
26
2855
2034
865
3189
1757
1510
2504
881
2266
3088
2183
1249
3302
1604
502
1971
3766
2945
1303
2792
2721
711
1112
2502
487
2541
2378
1838
425
1972
2890
3310
3798
1461
267
1542
2899
33
3768
2603
1926
3508
1613
1213
2031
355
2824
3033
2486
2740
3656
698
2101
129
3830
1422
2103
755
3781
71
3809
1298
1175
2971
3353
1474
1977
3674
2743
2812
2532
817
367
661
3744
3549
3645
1142
1394
1279
3659
3563
2561
1430
481
205
3114
194
1879
3923
979
2877
1431
3446
1273
3701
3925
1344
1247
3008
3792
763
399
1173
1343
2875
1201
629
1678
165
3186
3547
224
2957
1863
2466
2550
3443
2796
1088
1723
3226
2652
2608
1357
3351
2373
571
669
433
28
3210
3980
136
1861
3438
1530
405
3343
2560
2238
2002
3816
2511
849
965
2876
3778
1287
2151
1492
1310
3323
2424
3224
265
2880
3140
1444
1205
3783
2177
2848
2265
3072
3772
518
152
3170
1062
2386
2695
3390
2646
2999
713
2333
1981
3148
2539
3698
2443
226
739
1150
1932
2381
2600
2172
34
754
2585
1864
3581
2802
3960
2981
2404
2380
1387
3934
3285
1305
2628
1075
2358
3100
639
64
616
652
1795
249
55
2331
2555
671
3933
73
3940
3365
1072
3434
944
1888
3642
2867
2229
874
2761
3107
2143
2033
3421
1200
1681
3417
3810
3458
3381
2536
3440
3373
1752
3116
3294
581
128
3158
2482
1229
484
1715
946
1725
1134
102
3990
2442
1010
2687
1647
764
3544
2111
3203
3411
2775
978
2711
3320
235
1131
631
176
1581
2732
2268
680
1423
1404
2507
1401
1539
3308
2398
3835
599
2
3542
2715
414
1733
3369
796
1099
1868
2714
1001
1304
1584
2351
2996
2252
663
2070
595
2678
3943
1822
412
1414
2099
3281
3212
1586
3714
240
3577
1771
1469
1877
2317
3922
1547
2500
2200
2829
468
147
731
3335
9
1774
2412
3225
1874
3855
1322
851
2490
3037
2119
1730
2178
3058
2163
2538
2062
2703
40
1217
1601
2759
1840
1129
3595
650
3265
2245
3788
2777
2677
3963
2622
633
2717
3314
3253
1219
1041
510
1190
3969
2704
2258
2964
1858
3103
812
2531
251
2236
1628
3413
523
3479
2619
2110
3707
2364
2353
614
1109
3529
3055
2371
3222
3201
3166
2144
2203
628
679
2017
3806
490
2506
1961
2060
566
197
2872
2040
3191
3793
1121
1433
3160
3867
2356
2903
3238
2377
1870
3089
1432
1672
3013
3568
1055
3090
2926
167
3652
2249
2708
2760
1306
3414
3333
3709
8
2253
1737
3735
853
2609
2271
952
3415
1710
1111
2624
1126
1538
3521
2459
793
685
1980
3157
3757
2450
2950
1097
2030
2669
2808
2137
195
1218
2636
2310
2479
1479
418
3586
1686
49
3801
3363
1741
991
489
968
1065
1612
2140
1419
3526
1349
3745
3404
2064
1297
707
1968
3163
2071
2781
3316
3473
1579
3777
2303
1931
65
2405
2306
2313
3732
2159
3596
2729
1089
3307
3673
374
2086
2984
157
1928
1004
974
491
47
2277
1901
2517
1615
439
2770
3765
3105
1198
1223
3038
3617
2187
237
166
2776
1003
2870
346
2130
1324
1105
3930
2540
811
391
2132
2385
2682
1782
1193
2056
959
1671
608
3478
2589
3844
3261
2000
1564
806
3259
348
673
2993
945
211
1393
1452
359
558
789
3738
966
287
1185
192
602
1047
3840
550
2394
1034
1729
1850
565
3756
3658
1386
2418
3702
856
1521
2850
1548
3043
1927
1107
2789
3074
2237
2285
3467
3245
762
3693
2674
3235
3713
1502
3941
3268
3660
1450
2328
2160
1934
2542
2308
448
3049
3371
1260
404
1587
2830
3384
1477
866
1950
3348
2526
2026
951
3223
148
3211
338
2346
1719
549
1638
3858
1076
75
3931
1873
307
3619
2565
719
375
2530
1666
2458
709
2251
2891
1762
76
2297
2149
805
987
3871
2261
2941
3863
1643
408
3339
2795
3318
2199
2938
498
2909
2821
1167
2347
2843
2767
1550
2051
2645
2735
1405
3856
3209
1232
2564
3173
2205
985
2768
280
2908
2731
3239
2635
872
3997
56
2387
3341
3198
2419
2931
3220
1337
2462
2281
2719
1661
3556
969
706
2918
781
1755
1802
1959
3686
99
3132
2907
2588
3461
352
3609
3805
2361
672
1325
1646
351
1894
1058
1582
2592
998
3938
1082
2578
1966
2008
1140
3592
1340
45
3865
2991
178
1709
2248
2126
3803
697
3727
2038
2345
749
1282
2943
869
3582
3634
545
3550
1363
1161
3548
1342
3492
1227
3474
2275
1948
3248
970
220
1016
3274
187
2681
1272
3499
2494
890
2706
1644
2262
3118
1311
761
1026
3635
3262
1580
2340
830
3767
1033
601
1523
1731
2686
3885
2145
266
3435
3560
2814
1302
4
2579
2001
1600
3129
2201
3183
2562
1157
2375
1008
3048
3195
508
3397
2323
824
2786
2074
3312
3649
3425
2427
2794
1308
1096
3760
2496
3520
2607
3388
1146
861
721
42
1773
1044
3791
938
1743
3083
208
3540
125
839
1428
3483
3593
3597
927
2207
163
1918
1145
3476
3688
3948
775
948
398
1957
2854
3894
920
1022
1330
2011
1787
517
2944
160
1640
3982
2836
3231
3311
1397
2344
3138
2388
1819
3128
101
3510
1144
3804
911
450
3120
2793
954
1151
229
651
1122
779
3454
3466
2501
3973
2355
1784
2701
691
1068
2595
1650
3057
1373
2861
1770
1009
1509
892
2131
3648
1238
3956
3627
366
1746
3873
590
3449
3041
228
504
703
3650
3250
897
3823
1020
1371
3192
2885
1392
2287
1398
795
2325
3720
1236
1591
2764
164
1029
3570
3838
989
794
3026
3181
189
787
3182
2136
547
3667
1512
3680
3357
1160
422
1890
2094
1074
3359
2803
2653
3606
2256
1697
3935
2243
2509
2408
657
350
941
1756
1578
1332
3618
3971
859
3194
2114
531
3663
1914
2483
2415
1280
3172
768
2389
2856
3598
3999
3899
1843
1698
326
3052
800
803
1316
2623
3908
3319
3012
3752
1048
2961
2314
3021
3771
2468
1031
3737
3247
231
241
2128
3372
2680
3046
3271
2169
17
1744
2664
323
983
3958
604
1090
415
1239
690
1685
986
743
816
3715
1350
1616
2806
3459
1712
563
151
742
3167
1728
3208
2267
2811
2921
2089
3143
1355
2045
1208
3309
3624
2134
158
674
3813
804
1563
949
3628
1418
2860
712
1749
977
3322
1069
2181
3731
2785
1243
1880
1459
910
642
1442
3917
3710
1163
1307
2028
3821
209
282
2685
3125
190
2626
3344
1516
3576
1921
1259
138
2650
3725
2299
371
760
1445
1104
2668
1814
3471
2634
953
880
1573
3614
2112
2963
1781
1113
1181
360
1470
3811
3081
2807
293
142
2025
615
2828
855
272
1956
686
2547
137
384
290
2513
930
3456
3243
3133
118
1331
972
2563
862
1633
222
3325
528
2374
470
1354
181
2113
867
179
2670
1117
2316
1086
1188
1827
2512
843
3141
2366
3762
144
2839
3252
377
3315
2959
324
2133
2082
1792
2454
1993
407
2720
2221
1100
133
2594
3870
3241
3093
1189
3419
1786
3502
3422
520
1560
971
2273
1462
1933
87
3712
3926
3682
363
899
773
1837
747
1704
537
3800
3730
2640
675
1318
723
3794
778
2335
343
578
3087
2302
108
1865
597
1642
757
332
1551
1610
201
1995
3929
591
2988
2661
1485
561
472
