1159
1977
1531
7018
1109
4276
6607
5289
3052
6896
3649
7883
2704
14
1340
2373
4211
96
1236
4477
6340
5369
7884
4470
5492
3892
551
4597
3909
5953
1915
4970
2077
973
4791
4086
7280
6217
7568
3661
4846
5861
2557
4642
34
6543
249
6148
7293
4804
3585
11
4902
709
6052
2596
1907
5178
4883
2306
7302
1771
7699
7243
4625
5087
26
4472
2762
2083
297
1616
2356
4780
7764
6130
2634
634
4443
2620
7744
7099
4134
5592
7871
2193
2996
1644
6432
1256
4222
6773
6936
1452
6431
7337
5792
745
3247
5156
5396
4517
6750
1594
1661
5511
4400
1549
2526
2459
7580
179
7833
908
6556
7729
457
2906
5491
6956
2340
1760
4735
7056
184
792
3473
5872
4421
6035
4437
2478
2502
5777
4956
6356
6177
6311
7514
6990
1588
2448
1783
2052
1499
1457
1538
3784
5571
1872
3645
5902
1794
3616
1593
5208
7811
4807
7754
109
3234
3528
3750
4457
5264
1814
7166
3685
3104
7469
4226
6315
2339
2505
7217
1466
2349
2956
485
7806
4251
2760
6460
7071
2887
5889
4688
7366
99
7064
7805
2381
1842
1828
5097
5620
982
41
5717
5325
2841
5855
5542
5248
6843
703
1088
7210
490
1637
5175
6302
4554
6793
6726
3675
6218
5553
1473
7133
1246
7309
958
2152
4576
5312
5002
7131
767
7796
6590
2061
7311
7049
4899
4671
3348
2142
2076
7836
6016
2515
7230
7975
6183
3069
5763
5413
4368
6046
7226
356
4986
3388
1207
1168
4959
2147
5920
5863
799
5031
3072
3570
4377
6656
2056
2242
5839
7287
4087
7854
5728
94
7343
3189
300
5121
7616
3290
225
4990
6182
711
4274
1600
35
4997
5515
3841
1813
3257
2565
7434
3798
5736
1894
3762
680
7007
7873
2285
1303
7322
2604
3899
6529
6208
3746
1409
672
3718
7870
3472
5012
2534
1359
7304
5426
1758
7127
1732
4162
2909
4059
3554
6388
7949
5586
2470
2330
5278
4299
3676
837
1928
4499
3506
4544
7455
4280
6125
7963
5545
7422
6110
2235
294
465
7846
7686
7708
2189
6247
3440
5131
3704
6178
1931
3014
7382
129
6387
1257
4561
6414
2999
7332
6300
3693
1434
7073
6094
2631
5790
731
6497
3357
2228
392
2753
1811
7896
879
6485
695
73
2283
5169
332
2541
2504
3698
5827
5712
3641
4107
1622
7206
2890
3227
3017
1035
7986
4802
5875
4734
5804
1631
7629
2113
2934
1493
4752
3559
1430
2461
5780
6118
4471
4389
336
3120
4089
1235
845
4852
2188
595
2883
6959
7795
5468
1850
6942
7349
7784
7622
1908
1548
378
7157
1892
3292
6885
7998
541
2803
6173
6282
7427
6154
3463
3991
5987
4451
3591
3813
6817
4977
2296
5774
7306
4201
5128
3969
1467
6800
270
2932
5477
38
3038
498
3178
2190
5023
5498
4022
6222
4716
2767
2727
6352
5314
3828
1897
5585
2377
7307
4766
4199
1786
6599
4510
3785
6619
5809
944
7856
5758
2686
2868
5635
3646
7673
872
960
1097
2961
3888
5287
5823
1905
3193
7666
1065
6109
1797
4095
6833
2219
6957
1756
3444
2348
3672
3381
5957
1810
1183
883
829
3906
5353
7766
5292
6964
6064
7180
6813
5903
1253
2991
4442
293
115
5691
2005
339
1075
1978
7254
265
434
955
23
6969
6549
7602
713
5922
1870
2927
2896
7683
6880
4845
4609
7898
4773
6477
5940
4536
70
3783
7582
5969
2976
4909
4637
6749
2479
278
3446
4559
6719
7288
2747
5992
1101
453
5883
3749
1515
3739
518
572
5619
2015
6317
3022
5871
1929
1238
728
5713
1848
5488
1273
1701
752
3873
4125
5510
3042
7798
80
4362
1371
253
6451
2331
2073
798
55
6314
1864
5693
685
6475
2610
3386
1021
7371
781
1944
3252
1592
4815
793
2755
5051
3013
2917
6617
1028
3387
2899
3772
1869
6135
4154
5067
4440
6139
1564
3361
6076
7155
1342
4129
3742
2456
7385
4958
4708
3068
3141
7129
2181
6709
1624
7801
2107
143
583
3019
645
2220
5084
1935
4813
1691
3866
3495
6826
4887
5319
4816
7658
2894
3633
3606
2705
6864
1191
7410
6067
4615
7910
6662
1331
3368
1583
6390
3687
6690
4505
1150
6152
2270
4520
4351
5951
4534
446
3609
4354
7414
4045
3012
329
3547
3722
6397
7596
163
3655
4488
1066
6365
3760
3058
6187
4751
1501
7482
5258
4357
1307
4265
920
7524
3163
4727
1679
1377
2435
3605
7931
4224
7313
907
396
2653
1557
4491
2538
4547
610
2487
1429
914
5003
2234
5344
4910
6441
4242
2560
735
5669
4523
511
7609
6705
4608
7824
6463
2003
5132
4144
2213
850
6526
5234
2785
2388
7443
123
6323
3183
6188
102
7655
1093
3509
6738
2322
471
3345
5268
7411
1838
7665
1086
6057
666
3287
6909
2974
1470
6232
5263
6581
6238
503
6636
528
726
3184
7264
1336
1224
4834
6953
6209
2822
7940
7138
4755
388
3366
3144
4250
3212
4205
823
1535
5632
7605
4978
970
7148
5463
4971
5386
5044
3171
1547
2170
5415
6650
6596
5835
7037
7276
2
3955
5431
2551
7429
6774
6124
4701
2619
5120
1751
7132
697
3508
3923
4633
47
2311
4964
5440
7424
1818
3352
2815
4984
4661
5439
3884
6015
6801
1965
7290
6329
6975
632
6579
6609
1527
150
3600
1498
2723
1749
6225
1394
229
3861
3604
2280
6790
3308
3367
1781
7934
7718
5391
2310
3920
4192
7847
2497
3725
2625
3544
1924
4101
357
2018
2095
5688
1084
3845
2406
6836
649
6393
6618
1362
3118
1834
6021
6378
4328
833
5418
986
834
5672
6179
4605
1004
1197
2969
7809
3338
3490
2847
192
5645
5912
5452
4849
3537
4069
3766
2454
147
5486
2019
4474
704
2605
1285
3148
2576
3343
5399
1063
1490
6017
1036
7338
2875
2692
888
7761
7202
4300
1890
7607
1599
7368
1386
866
1134
4963
4761
1569
3190
7476
1664
1711
6506
7364
3595
2520
2977
7063
3779
6195
7312
2700
3696
1619
4287
865
310
2965
4432
5189
6940
507
855
6714
5853
6883
5621
3770
3198
7485
5071
3481
1847
2748
716
3240
4548
7164
1568
2602
712
2276
4496
3934
7740
4220
1216
1692
3271
6901
898
3199
7654
5055
5144
248
1206
6153
5368
935
4542
6983
2985
2540
6219
7639
5077
3842
3029
3653
6837
7460
232
806
7023
3430
5741
4768
4114
6144
1199
1983
4189
6869
2630
2042
1113
6528
4726
2149
6099
2658
1032
2587
1506
4414
7995
1773
5257
3075
1922
2303
450
7175
4269
5142
3530
7906
1319
1919
164
3642
6129
5164
6018
5403
6516
7808
7886
7595
4822
299
7452
6797
5843
6411
7186
1865
6634
2129
6598
2954
5929
1366
7256
1044
1042
6848
6410
2259
902
6010
6991
4539
84
4381
1384
4732
132
4658
7204
6691
1943
314
2877
2111
2158
598
5209
6066
3443
7702
4898
512
5404
7783
1305
6244
221
6074
6937
7399
2759
5408
4165
1079
6132
7997
3997
925
6189
4289
4272
6466
7281
2013
1318
323
1222
5817
3532
741
3970
7093
2882
5820
5054
6930
7517
729
6795
6454
3074
1649
260
6954
2274
2364
6867
5814
1571
4931
144
3156
3543
903
771
6068
1116
2885
6716
6600
4417
5022
1708
6355
7384
6120
3146
4469
544
2750
5075
171
6762
1529
2935
1959
2711
5461
3079
4000
6992
405
4172
4961
7542
3714
4689
7657
3279
2659
3878
2098
1456
3451
3
7089
6044
6785
1516
3582
4575
5618
3401
2418
1180
3410
5966
1414
83
7077
6347
1821
7787
1205
7636
1351
1757
7247
3474
134
7672
3307
6089
369
6090
7261
6540
3143
3408
1734
4483
2782
3578
281
2595
2902
5752
609
7684
5801
5152
7864
819
5020
2925
7415
6779
4492
3636
4454
1830
128
3752
5218
4037
1681
3469
5917
3125
5677
3415
5750
7901
2475
2669
1166
7620
7143
251
2592
4263
1167
4332
2458
3519
3221
1954
3346
4282
3007
4234
7770
3927
6943
4793
3501
119
6063
1659
2200
5083
7267
4839
384
6
818
5297
2325
6587
3505
5615
7483
2261
6117
4065
3162
7448
6256
3835
6080
6935
3524
4501
2238
1804
6702
4579
2893
2721
575
1405
6025
5524
5168
2962
820
6172
5860
7548
5437
5927
3355
6266
4048
742
2757
6262
6720
1567
1059
1985
6978
7897
6328
4617
1910
3876
6889
6268
1633
738
1053
1997
6735
6562
6743
213
3098
5298
5411
2394
6630
1481
2832
133
108
5092
7512
554
3153
3568
3724
1254
3484
5522
7192
5614
3377
6128
1330
1989
4403
646
1398
1606
4018
6233
7381
5831
5786
5322
6464
7239
6572
3395
3666
6024
2287
5063
1520
2681
892
6926
6261
2945
2361
1399
4497
4208
5726
3086
3256
1218
7959
3864
1669
7112
7051
1854
7894
2169
2175
6036
3596
2913
4750
6895
2588
5339
6871
5984
4337
1114
5188
5497
2566
1809
1389
4498
4311
570
6658
5229
7967
395
4166
1055
1591
7638
6164
639
6381
6192
3571
3860
7747
7463
2275
3039
3918
5857
6920
2341
5684
1228
6577
3728
4163
4355
6049
2561
7831
7987
6470
6496
7637
7692
1789
7308
153
1696
5201
1507
7154
3106
679
743
6882
1923
7570
5279
5811
5348
2756
4519
3428
3063
7999
7703
5991
4203
7817
1299
3489
3608
5334
4660
6856
3900
5721
3660
3462
1903
4604
868
7530
7477
2821
472
325
6676
2103
170
952
4529
5739
1186
2808
5501
6732
6434
4873
6333
6548
5443
4980
1143
4827
3689
5935
1937
5056
4458
5480
6965
4788
5562
3688
3917
951
4652
3232
7038
3723
7810
6391
7295
3222
6245
3631
1356
7694
3342
5047
5526
1652
3823
1860
2034
5587
7324
4532
6389
5862
7439
2978
5941
200
2389
5233
4191
2360
6231
7659
4033
1383
3337
1990
3992
1033
3173
2248
7268
3643
1844
1291
1444
6204
911
6655
5666
7091
7777
5768
6420
2693
3681
1632
2343
2854
5678
6585
520
6180
6481
92
1992
7635
1626
814
5028
6197
2386
2342
7028
6310
1128
3726
923
4461
3021
6226
7395
5027
4135
16
5934
3690
5737
4781
1623
2539
4152
1090
4995
7526
6143
6582
287
652
4408
3963
2029
247
4700
6097
5528
655
2731
1185
5954
7551
3010
6780
1766
1638
5563
805
5332
2413
7500
2205
5070
4041
131
4638
7527
7545
1686
7778
4925
4409
3651
6271
4184
7503
2453
839
3393
4918
1278
6565
2491
4949
6430
6948
5355
4123
1210
333
5220
2488
6193
474
5606
4808
3648
6343
981
6673
6667
5280
2741
5238
2156
1370
3225
4908
6421
3382
4111
625
5230
237
5410
1374
5971
341
3890
71
6611
4127
2980
723
2609
1700
915
2687
6723
5918
1835
2780
1361
7446
6968
3371
1768
6863
1426
1963
7082
3085
155
375
3033
6828
435
5495
6395
1494
7737
7763
4115
1345
4672
1240
7685
3573
3550
4762
1078
5743
1859
725
4027
3067
3987
2165
2859
4418
386
2374
4817
5534
7785
7031
6265
3882
513
5729
343
4770
7323
4047
3138
2185
2797
46
913
6281
2582
4733
3050
5176
4860
5337
1258
5895
7960
7286
5664
6122
2754
2480
3416
7041
3242
3635
1332
1805
5336
4386
4967
3291
2624
1212
6827
161
750
4965
2214
2114
1803
3209
950
6408
4104
1614
5409
4028
1082
2263
5718
3267
4246
317
2101
5696
3863
1597
1242
6588
3702
2191
4506
5832
4880
6166
4353
5373
5866
6987
292
5775
6379
3167
2415
4936
5995
4598
6476
5983
3406
6754
3004
4082
6014
3057
6092
3932
753
6452
4029
6638
1889
3663
4230
7075
7865
3099
1061
1962
567
3533
699
3115
1326
5755
2050
7191
6823
1541
261
349
2403
2590
5973
1866
4592
7341
5936
3795
5095
2771
6892
835
1615
7425
22
1465
4502
3071
5610
5288
1243
4179
897
4840
1195
3467
5026
2359
4974
3269
2207
4888
7866
942
166
51
1488
1308
2474
765
6661
4803
6033
714
4725
7039
4684
7532
6644
1413
2014
6541
1276
4231
391
7181
376
622
6874
3901
239
7695
7201
6419
4509
3133
5642
7519
5030
7936
7642
5572
6278
846
7656
3018
5295
5634
3304
77
496
3732
7668
3838
4102
4390
2975
168
4650
2989
1018
7117
867
5061
1925
629
4100
2871
6163
2791
3983
5226
1849
5266
6870
1419
6176
5138
3351
1395
4031
2940
5436
1234
3132
936
3790
621
965
5600
597
1932
7834
3315
5637
301
7877
7240
3165
6312
2292
1542
502
327
7115
3978
121
6873
2783
7735
688
3943
4433
3634
6123
5285
2268
4821
2865
7301
3510
1986
6465
5478
1792
6029
7284
2166
2627
3263
1249
4141
4352
1641
7561
6483
1674
2407
6704
2335
2545
4062
1826
2509
6026
4399
4140
2116
5500
1192
2240
6214
3449
4017
854
5679
1604
786
2881
4160
2733
3764
1873
5727
1350
5748
871
3461
4558
7396
3457
5435
5318
7765
2289
4863
3082
6645
4175
2451
5381
2327
2772
1179
1819
374
4063
4541
1040
3925
5050
7956
2455
6499
5733
7387
1716
2660
4535
3136
2827
842
191
5184
1089
1290
2428
999
5127
6786
423
6519
21
4981
1060
7543
526
6677
7375
6121
158
683
5239
3159
5628
3971
2968
6597
1327
2801
1174
4209
1733
437
3147
454
6834
7397
5559
669
2744
385
4480
5551
2297
6995
5125
4951
7982
5937
6665
5938
135
4117
1610
6480
7241
5274
5148
7480
7696
3400
4435
4874
6696
7259
7195
6474
762
5479
7457
2182
2716
4156
3710
4924
4120
3202
4504
1115
7333
5636
5877
774
4895
6022
2486
3422
4229
6761
6903
2580
7827
6127
525
5899
5915
6886
5255
5949
3839
7497
1448
5442
5420
3331
331
1422
355
3650
6877
7858
7102
3285
7118
208
4261
3344
2035
4870
2243
6849
5765
4655
306
4360
7152
3364
2106
2942
7454
3630
4266
5113
5088
1840
408
7935
303
5388
3915
1325
2812
7505
382
1956
4929
42
761
7151
2130
1648
7121
947
1019
469
4137
4345
1169
3586
4067
968
1976
6289
7486
6398
5211
5433
6659
1745
3875
5731
2959
4718
401
6207
1575
1052
3575
794
4388
3441
7466
304
681
6594
1559
5909
6031
2417
1123
7913
1280
4338
7566
101
2924
1388
282
205
3659
1552
7540
4317
5550
2290
6403
4629
6332
3741
2911
6216
4571
6606
4406
4148
5794
6988
7168
5769
5064
2225
4254
969
624
6946
3413
1039
7738
2089
6764
7357
4549
6989
894
1799
4283
4407
3874
3847
2876
928
4183
7905
662
1788
4901
4687
1476
3778
1770
6610
803
2251
7074
6493
7032
508
334
4463
6357
2967
7172
2521
2081
3566
3278
1219
2302
653
6038
3107
1416
5182
2498
7088
7017
4854
1427
1883
4677
3182
1270
1149
6280
3581
2776
4316
2258
807
7955
1748
3431
7142
6713
7693
3819
6055
6316
6971
2446
4749
5605
4920
2874
222
6979
3597
429
2314
5555
7945
242
4020
1198
7645
440
1578
7588
5192
2249
600
4006
7101
2936
3276
7774
3729
909
279
7299
146
6576
4830
769
869
1673
5567
1880
2164
7750
7330
4600
6272
6160
5342
90
3264
4330
5906
4007
5232
6967
2953
1563
2366
1508
7775
1808
6502
694
3181
5982
3654
3433
4653
7447
3679
5682
6194
3715
1603
5240
579
7912
7893
5449
7863
6966
1800
5244
4876
3000
7969
3625
1486
4416
3610
4917
5243
284
4800
4842
7431
2764
2482
6632
20
3468
5414
532
5253
3811
5961
4737
2267
7528
659
1722
3369
5395
6200
3858
214
3667
4626
5267
5900
1629
2829
7110
6250
4370
7314
3709
2153
2591
2615
7815
7334
2180
4826
7423
5910
6811
4932
3374
432
990
4675
6251
483
4243
4649
3727
2855
3466
2462
6671
4174
7104
7297
416
4430
3541
5689
4099
1491
2419
167
4309
5137
1204
1868
6776
2025
3359
1827
5089
739
4798
6241
3497
110
311
5475
3818
4556
5062
2123
5048
558
885
2774
2387
2369
4218
7779
7084
7980
1006
2395
4683
4711
3192
861
7772
7743
1027
6040
5183
5852
4837
5730
1710
6766
74
3378
4825
1001
3088
3587
979
1796
6450
3333
1144
7644
5538
627
1823
6318
2209
2879
4076
4665
4835
6034
7325
2938
3986
5447
6492
5313
1267
1247
4594
2632
4193
15
1884
2556
6150
4944
6114
3780
3223
3238
7130
5887
6051
4079
5772
5530
562
6949
6078
7336
7590
2088
6593
5807
5167
3096
4885
1043
439
5840
7911
5078
5378
7691
6832
7491
3594
1009
7273
2728
4005
588
1612
6269
3736
1871
1252
5496
7978
7523
3805
7840
6212
7572
3935
5215
7394
3362
1914
87
5350
4555
3620
394
4785
2835
4157
3936
7918
3867
5360
3872
3070
984
2492
3306
2866
4939
2144
6198
1561
5795
5990
7358
7536
3812
2155
7993
6108
6736
884
1763
3341
1533
1585
4786
7604
510
5270
5925
4772
2136
6951
4585
5557
6850
117
5976
7839
580
1888
7653
3869
3036
6950
895
3090
7203
3551
7941
1635
7289
1251
6931
4919
2500
3425
7105
985
6382
4039
3774
3411
2607
6339
178
6624
441
3363
6151
6138
689
7012
140
2416
4200
5416
5330
272
1973
4415
6325
4819
2062
6284
6116
5597
758
3084
6320
3677
7601
1281
4669
7760
6900
1743
7661
7624
4704
5756
2178
6342
608
6846
3626
6865
2789
787
6859
2895
5543
6584
4181
877
5808
3054
998
3246
4996
1855
4784
564
1837
2288
5771
6612
7441
2119
2950
626
1853
926
6752
1654
1279
6545
1464
1062
4339
5547
3700
859
6083
2468
286
189
7383
3233
7193
2920
2769
2437
6681
4434
6769
4290
291
3157
3924
4308
1369
548
2743
5928
7850
3803
302
271
7269
2028
1233
315
3434
3758
7380
3353
7640
7029
7728
7149
1613
6913
7725
4589
1913
6211
4557
3427
5383
1688
886
4927
6202
5361
4054
5001
4531
4310
7462
6136
4382
3748
7660
3921
4295
5570
5639
4574
7042
3152
7231
1916
7841
4500
3976
7244
987
6532
2650
7927
983
3849
1846
7137
6682
5650
5179
5784
431
6781
4960
1519
6944
5321
3273
6004
922
5624
4712
3418
6472
3030
1829
6337
5589
2549
1806
2319
2569
7688
5956
776
7554
5006
2396
5008
6372
6737
7525
975
4335
2715
5930
3298
1047
6700
6666
7208
7924
1772
4281
677
1643
2994
5109
2037
2126
6471
5715
3309
3111
2558
1521
7868
5484
4247
3584
4719
2236
7488
2257
4078
2946
2086
3735
2370
7628
3340
2635
5573
6517
280
6554
1085
860
2571
4906
2148
1544
3435
6917
744
1682
6941
7498
4424
7493
4036
635
4375
65
3512
3195
91
4460
1881
1539
3160
5789
7315
527
6469
6546
5565
244
2726
1132
5119
5942
7677
2820
3445
3080
7398
605
6669
5655
882
257
4953
116
788
4369
3265
6765
1960
7470
5195
4662
2007
2807
2023
5222
5060
5359
449
7643
4009
7229
3617
3694
8
400
1782
7344
4151
245
5040
5473
5476
5670
4258
2072
509
4324
2284
3476
5673
5039
1558
1380
1523
948
2134
2045
1573
4091
2241
347
5626
1526
7249
3286
2051
5963
3089
7019
6050
7085
6640
321
1918
1406
2598
6288
4336
27
7253
5470
478
5767
3552
3553
2644
3993
3405
1851
1474
4553
2358
5223
7320
2548
3974
2637
7499
6249
3980
7578
4884
7771
4640
2305
2850
678
1565
3797
7478
3517
2024
2788
7351
448
6407
7421
7475
3754
3255
5485
3834
1048
3627
5897
1333
7826
4525
2105
5450
4999
7126
1181
1524
4367
1958
7479
7719
4468
2508
754
141
3274
2463
3179
2943
2554
3856
4448
6866
7844
234
5967
7141
4694
755
4866
7270
5847
3261
2678
3959
1936
3496
2253
5493
3800
2173
916
6783
5518
1974
39
5260
1769
2393
3881
887
7848
5059
5856
6156
36
6824
3414
209
3114
2983
4896
6697
3614
5846
1645
3235
7560
417
7952
4741
5997
2713
6844
6491
2955
6013
900
6787
7939
811
5805
2436
7916
1514
7496
4886
6348
5690
2739
5392
3938
5259
4481
7182
1677
64
3383
2738
4503
5933
826
5103
3719
7732
7471
3776
1875
5657
4439
3237
5593
3217
5958
5676
2391
6575
1283
5065
2307
7360
5590
7799
930
2237
5453
4401
2892
5151
5185
996
4167
3522
2254
701
4053
7318
737
5454
7544
777
756
1111
6753
5365
619
3846
2282
4083
7352
422
1131
6304
3984
3311
5709
7920
4947
1450
3840
2831
1660
7746
2568
6437
3210
5010
5304
2471
5879
7107
2016
4296
6374
5793
4105
2982
2729
6303
675
2986
4515
6447
5076
1939
2922
533
4014
1628
2313
4969
4198
7600
7678
6210
3275
993
482
5145
5667
1630
2775
2809
4682
67
3763
7641
1690
1971
759
2677
3224
6595
4806
4859
1104
3960
6206
53
4376
4185
5262
5465
2315
7458
5163
2806
2347
1259
2179
3948
2717
1073
5998
2519
3064
2215
6755
4121
6908
491
4236
3046
7211
2657
3380
6159
6168
4811
4204
5537
413
6429
566
3300
4178
5069
4170
1728
665
6939
1999
2464
6457
1670
3662
3644
3241
1512
1091
4736
5946
2795
7058
6416
3020
6157
2246
6227
5962
2838
3883
5698
3095
7362
6692
2995
5554
3026
7976
4670
3056
4630
6839
7388
162
1581
4988
7298
6803
6820
4805
1646
419
640
1266
2352
290
7603
7021
107
5310
4745
6804
3161
6664
4767
4356
2054
7265
7004
4
671
1360
4809
3102
7882
479
7613
2904
7550
6927
7902
3454
6383
3281
78
4847
4391
5072
3129
1776
6045
2124
1106
4946
1316
1969
7726
1385
4801
2898
383
2553
7722
5114
5225
4975
2009
5800
6915
7814
3123
5622
7932
6760
7108
4271
5576
2818
7828
4452
6592
6162
650
7292
6699
2697
4325
2295
201
2439
546
7065
6498
1617
5204
5648
929
7687
7377
734
4756
1878
1130
7816
3390
7095
3945
1182
7404
7838
4021
2383
5124
1941
961
2196
4568
1348
6688
7768
549
1187
240
3889
4465
1339
2046
4668
1099
1081
589
2120
5091
2606
3768
7617
3730
1595
4233
3953
5123
5932
4055
1551
932
5512
691
4518
5722
6730
568
3822
2400
393
2973
1425
4524
1455
3538
4164
1791
6167
3946
3403
2222
808
6362
5697
4010
298
1239
4032
2864
2813
4892
4284
1026
5302
3101
3577
6712
6468
2810
7849
3023
1636
3558
1163
4286
1083
6925
3061
477
3168
4799
7513
322
2542
3555
4656
997
3862
1014
2382
2707
1007
4411
2931
7353
218
6890
93
2365
258
2032
6203
2518
3498
1513
6394
2988
3487
5944
6489
2937
1577
5107
6487
5594
5869
7370
2499
98
5533
727
1500
4676
5193
7900
3657
5798
1142
6239
1096
6106
3121
827
5384
543
2002
2118
7832
1896
4349
480
612
2192
2067
555
2232
7092
4792
2530
6625
7869
1306
5444
404
2484
5307
2380
3747
7438
4419
1139
4942
2208
7867
1966
3556
1293
4320
3733
1934
7461
1933
3479
353
194
495
3539
4603
5584
3317
414
3447
4681
428
5894
2405
3204
7043
6894
7501
2444
1729
7511
186
3529
2952
2778
7156
5662
4329
6330
7030
4894
2987
4267
5627
5014
7915
591
2643
3996
6240
3073
4654
58
4717
1364
3966
934
1940
5053
6443
3910
1676
7285
2020
7630
1955
5354
783
5886
6651
288
2834
4228
3186
2742
3216
7170
2271
2112
7
4361
7662
7303
5692
1030
7190
3640
874
1410
5687
7171
2265
596
6028
3040
5723
6100
2477
5975
7792
3215
6536
1715
5631
4196
1376
1693
4173
2401
6660
2544
2914
789
1392
1354
3031
1945
316
4392
7086
5630
1952
4291
6005
185
5783
4248
2154
5744
6223
5806
4232
2277
3638
2429
2501
4071
5880
7087
4824
3060
113
5674
2411
212
3245
657
849
6928
917
6105
5271
4709
7547
5221
3549
7069
1208
3755
5487
6722
7378
6019
3961
7979
4632
3316
3601
4857
1372
180
3313
6807
4256
6819
5172
4110
4450
7449
7189
1525
2384
1122
3336
1323
4613
2069
606
4030
3485
3833
5401
3507
2732
4379
2639
603
4413
5400
2039
307
3701
7957
7802
6131
5837
5601
4475
1887
7184
3325
6679
2472
7052
6062
1495
1885
5868
7984
6560
5430
4897
1484
1596
6334
5955
1505
7520
2641
5241
2848
6058
1423
5482
7553
5000
1530
2183
5427
5885
4015
3607
6071
1712
2897
4153
1105
2852
2804
3354
7552
5042
7625
6412
7581
5057
881
7232
1582
6445
7730
4378
668
2825
3229
1950
3896
4128
7090
7539
7907
1580
3296
5079
5216
6955
7361
7835
2997
3850
125
7717
2694
5921
2655
7958
2817
2216
6511
4584
6538
5035
1315
2161
7755
4580
1211
4872
4760
1930
7035
3358
2830
3711
4891
5904
4861
556
4459
3126
6571
4374
7789
7903
1496
3003
6307
5311
3942
2971
6573
5005
3032
1271
1145
674
7615
4934
3802
5708
4188
6377
6032
4856
4695
3515
6523
864
5828
344
1324
7198
1911
1822
5791
3527
2074
4486
800
402
233
2941
3140
4573
5398
5517
1311
4833
2371
3297
5702
3919
1108
3471
3572
1970
7923
3376
4202
7076
444
6459
467
772
4818
7887
3008
3911
420
6354
1288
7855
2514
4323
7741
7504
7046
6042
4177
5130
4782
269
6319
3169
2793
2527
4913
7794
7054
2790
3540
2316
139
6027
4003
7857
2379
4647
6878
3743
722
6338
6275
2485
2252
6707
463
379
7305
1189
7675
5725
2204
2823
6982
5214
4270
7150
3885
6190
7015
2915
3761
246
4582
6812
3848
13
2434
2159
1546
6825
2040
425
7376
3734
4930
3320
49
6246
4046
2836
5612
3514
7403
4659
7459
4112
4702
2412
7266
1227
2573
4090
3051
5757
2522
3933
1574
4696
6893
5405
2250
3706
3937
1979
7489
3047
2640
5870
6902
6376
5544
3103
363
3197
2466
5536
2139
7874
5094
5074
7009
1137
4341
1483
7319
730
4075
4572
1013
7252
6710
5143
4697
6170
3621
1292
6113
4526
3066
1445
3024
2645
6473
1110
6001
6495
682
6775
7139
4513
3035
7914
2844
2819
5882
7710
2621
4092
964
706
3557
4130
202
5141
3670
3327
7992
2618
7061
876
4307
397
2085
4158
7245
5158
3027
4685
6020
1684
3950
7890
3078
2626
5104
5574
4933
4023
7068
804
5516
7179
4049
6243
461
6945
5506
6458
4829
1879
5548
3542
3502
5505
1562
6023
1301
371
7026
3424
4862
3456
6663
4621
6622
3816
4759
4235
6096
4601
6914
4142
1112
5782
7619
4315
2926
2195
4599
3402
6011
6054
7951
3569
114
6614
1151
2811
283
1138
4748
7555
1436
2575
4607
48
6972
667
3682
862
204
5787
4795
203
3166
7664
4466
5460
1784
4171
2674
693
126
4581
2846
3902
6375
3824
2177
3903
5881
5459
552
715
5661
3658
1815
211
2299
782
6847
5434
1698
3249
1921
5994
4875
918
7842
1961
5822
1057
2888
44
7222
5539
5629
6345
2337
2585
7538
328
530
3871
235
1906
3546
3180
2870
780
2663
6111
5194
5747
6291
4758
7981
708
2138
7917
4326
4796
2695
2057
6818
515
5422
4227
5988
5797
910
2529
3664
5616
7852
2293
7002
7756
2984
1982
3564
1951
7221
1365
3504
3092
7859
617
1901
7742
4412
3511
1480
6897
7589
7962
7727
7405
3332
7649
7050
72
152
1188
1463
1193
6840
7059
4147
4210
5397
377
3791
7508
5716
3737
3375
1322
7442
6729
7255
2041
6399
2011
3692
6521
7663
1373
3994
2245
4136
5197
188
1017
5205
5110
1397
2792
977
6695
3583
6417
3420
5873
100
5013
6906
1601
3392
6857
1511
182
2278
1627
4714
4168
1008
427
5098
7214
2167
3372
3396
4109
1995
1719
2097
29
6072
7812
7529
1070
7495
2030
4221
7707
7188
1714
2861
4627
6305
5303
978
4085
1909
1050
7300
3516
4790
7258
337
4783
1217
873
4293
2075
7650
6537
4143
6721
7200
4206
2666
1609
5535
6934
2512
6228
6564
175
6830
6221
5102
1396
5177
6891
3218
4747
6561
4155
2546
6918
4126
2425
1420
2683
4545
2084
889
3015
7876
2027
2919
7612
618
4038
2719
7674
3009
7097
2102
830
6309
3480
157
6428
7502
5844
3781
1666
4699
2326
3757
6701
7197
2688
367
614
6101
7531
6287
2661
3398
6185
2449
7033
4973
5469
5711
7328
5135
658
6047
149
3705
4616
2022
2071
3580
5329
904
1002
2918
2944
2843
2578
5389
1867
7339
2442
581
700
3565
296
5611
1353
5914
1876
5960
4922
1173
1100
2198
4035
5328
796
2481
2680
2664
4907
6686
1439
3055
7083
3611
3624
4096
2127
7158
2765
3220
6675
6649
2990
4042
5760
7440
1824
7598
462
2467
2100
5985
1706
190
7880
6065
86
5701
7878
852
5686
207
1255
56
7971
2323
5417
6739
3545
7359
7418
4489
3563
3535
415
7879
7070
5483
7614
4551
3865
1046
33
2837
3886
4241
7014
1051
3280
7417
3301
5986
412
3053
1518
1067
5924
177
690
4359
6984
5309
2581
2617
1286
2574
7942
6293
4636
1170
4742
2745
1528
4881
3699
4301
3399
1942
7484
5293
6512
330
7557
7579
7174
3592
4019
5068
2781
6048
1683
1433
1536
1220
7716
6201
2338
481
1509
5540
7196
7522
3253
5235
7078
5654
7199
238
28
12
2445
6423
7793
2321
1718
4397
2255
5858
4194
60
4878
7759
4262
5291
7016
4264
5282
6322
7721
1314
5150
6550
3765
5588
6039
1727
5341
2589
3236
4298
7213
5228
7631
2230
7829
3598
2431
4398
5362
3137
5489
630
2730
2878
7001
5888
2584
488
943
3825
6778
4989
4384
954
3988
6145
3294
3455
219
5865
368
2122
3957
5366
1095
3295
604
2684
4116
7340
4593
643
399
5681
2273
4710
5959
5133
1069
5122
6184
308
718
4297
199
6386
4340
1625
335
2452
6569
2493
4119
3897
4108
4979
4277
5467
7111
31
7790
3707
7559
6861
1504
2908
7739
561
560
7782
6932
1302
262
4832
2752
539
1980
5441
1390
1412
6802
1765
342
6631
4456
7618
4764
6482
1153
354
4431
2317
3207
3562
6509
717
6535
6912
550
7989
2171
5016
1335
3191
2318
2867
89
6810
3967
1584
3589
3110
7843
1309
945
3334
6508
4938
7013
3108
1747
4088
421
2816
642
5382
7562
6868
1891
3520
5834
1441
4648
6486
3034
843
5290
6002
1133
5549
6277
3753
7776
5162
4779
4738
7327
6234
4358
4889
891
1836
7788
3360
3128
3837
1920
1076
305
6205
5979
6591
6791
1121
6448
2423
4797
4729
373
2673
1313
7246
6684
2623
1651
6041
628
720
6641
707
1775
3149
6985
7416
3771
4252
733
938
6744
2511
5100
1119
565
2063
1274
418
2802
138
4851
7409
941
3379
4016
6733
4318
3077
3703
1294
7862
2853
6363
5196
1341
5658
4850
1793
2079
7535
959
5445
2992
5033
1987
6829
195
2064
6253
6805
2038
5893
2523
2749
1904
5841
6306
1750
5219
3593
1454
2690
3893
6371
2070
696
497
4052
6161
6141
1587
2058
1579
5308
545
2912
6142
6789
2567
95
4900
6112
6998
5738
2055
443
896
3266
1368
514
3830
4223
6758
1621
1689
4507
6504
6149
3365
5704
81
4436
2947
220
5015
4667
5948
6344
3065
4363
7891
6520
661
266
1147
2828
2524
1795
2300
1312
7646
2465
5813
822
5394
5926
2404
2712
3483
3453
1566
1948
3151
3836
5393
4794
3478
7081
3985
5845
1003
5333
3721
994
6073
1640
5237
6257
7011
1667
5977
3373
7509
3745
6639
5490
5753
791
2616
795
489
7161
6313
6727
6672
7216
5502
6107
949
7135
243
4914
5764
7973
3590
6273
6086
2218
2654
517
6731
4322
1160
3470
6424
6771
5335
88
6075
5301
4715
4098
1730
6629
5705
4438
3391
4928
5509
5602
3228
1352
6851
5519
3806
5810
6327
7167
5659
3500
4444
7113
2614
2309
4680
3048
3429
1172
2851
1300
2510
1746
6349
7925
6409
2137
5952
1895
4692
3260
6158
5833
664
4445
988
4249
890
4528
2351
1778
1126
6583
4641
7146
6418
7919
6603
1304
2135
3999
6986
7968
3083
4673
1367
1687
5155
5706
452
6734
2010
3203
3347
6009
197
1025
4838
1487
4586
6798
7541
599
1049
6553
7372
2860
2367
7713
5136
1991
6115
6324
702
3370
5451
3695
4992
3206
7966
6286
2805
6627
7310
5261
2206
196
2794
4543
4812
7122
1721
2720
5345
1245
1381
5246
1453
3513
7066
4993
5685
1338
3284
6808
7921
7468
5432
6530
4305
3005
989
2577
4081
1902
52
6647
6104
5908
1178
2559
3913
5714
309
3262
3809
7818
5419
2849
3503
2597
4765
1984
1647
106
3951
7679
1807
1798
7219
4533
3259
3312
4508
4219
5965
2094
4159
4225
4070
4420
2517
5217
1317
5703
9
1553
4453
5049
1996
6715
7803
7250
2880
122
7591
1658
2535
2840
2160
2163
1988
5273
484
61
660
6461
2905
5305
4257
5390
6534
6616
3324
1675
2110
7610
5867
638
7294
4393
921
2033
2824
5762
6815
2496
1214
2146
3804
2031
784
173
3958
4066
3491
1462
3282
256
6196
7697
7163
5776
1839
5581
3272
5660
1094
5651
2773
631
7627
313
4215
2390
3134
764
5294
5157
540
6098
1264
4646
5356
1404
274
1020
7928
6907
4394
7930
2537
4560
1391
7996
582
3194
7114
6279
6133
1634
2701
7769
623
2004
6527
1731
3135
6213
5242
6134
2779
7363
6321
346
4619
7400
3931
250
2354
5854
705
1893
4952
352
4983
5558
7518
6952
2593
6888
151
1262
4596
1650
5276
4149
5599
2665
2066
3318
1268
3756
7521
5018
6613
7821
1801
1458
7752
5683
228
687
5608
5939
857
259
5036
1196
4118
1975
3094
4040
607
1443
5943
7433
1485
813
1012
268
2970
1155
587
636
7926
1038
4591
3777
1620
1947
2197
6794
1215
1726
3437
770
933
5364
7733
3801
1442
2699
4976
4064
1752
1737
5652
6012
2117
1861
2858
7885
5116
7872
5009
6621
5462
3164
6297
3914
4610
2798
878
5898
6264
7080
6814
2026
4467
536
438
5675
7648
6552
5202
3028
2298
1611
6533
1761
1103
5286
4546
3854
6643
7465
931
5613
111
2525
2210
5252
7235
4312
7379
5546
5625
5842
3656
732
6467
6252
7444
5643
5173
3270
2777
120
1431
4565
7706
7159
1023
1428
2133
594
1337
3712
2121
1016
6524
5385
2900
1703
5481
6274
4097
1378
7507
3041
613
5851
4740
1344
3319
1071
1005
4216
6678
2708
2308
5913
7123
748
2008
616
2886
7680
2424
4479
1656
1663
7767
3807
2199
7374
647
2430
2194
494
7436
6438
3720
4026
3226
1022
6380
7194
856
7632
1393
4001
3310
4563
801
6788
7426
3613
3536
937
538
1289
3158
6680
5759
2676
6993
1343
7386
6335
5761
6855
6879
4260
4303
4245
2889
5521
5838
3912
1576
3448
4493
2226
3097
1953
870
7681
1695
4882
2357
124
585
5734
6341
2140
1449
851
7481
5250
3142
1203
1570
1213
4552
3176
1882
6558
5609
3956
6069
1177
2212
3155
159
3044
3916
2740
6648
692
6876
3619
557
1432
255
4966
2184
6620
5198
5402
1736
6768
5101
1532
1440
6899
4212
4778
350
3829
1949
6924
919
7689
97
4180
802
2735
127
7242
7224
4611
7100
7845
3145
3880
2737
5504
3081
5859
2473
2611
2594
6285
148
3113
320
7350
4334
6745
227
4058
3268
6910
4820
7947
7040
4288
5456
6103
4214
6748
6821
1852
4707
5556
6977
4314
5340
4347
7621
2863
183
198
176
3534
1537
5149
2006
6230
7576
4426
4186
6938
4679
7106
2093
104
5525
5560
2203
3767
1223
4810
6698
7574
1250
1248
1184
2856
5836
5695
2350
2363
4666
2187
553
4763
4072
3905
7731
1437
6165
2633
4304
1287
3857
7401
1742
2709
1672
6442
4587
5970
1041
1072
5269
2506
4612
3744
4728
4814
7456
6258
1886
6169
2053
7804
7933
4618
3329
5245
7279
3947
6674
5799
7205
785
1665
7437
2649
4094
2211
3972
7000
6654
676
5749
7723
5972
1735
7251
2049
4237
76
7961
2998
7724
1502
2312
3499
5406
3680
3773
6544
1346
1446
4972
7813
3213
4537
7991
1755
6718
7103
6563
7667
3326
3831
4678
7057
5161
3122
1655
3049
4731
6119
2516
1272
4562
6997
2784
5916
2221
6440
2427
3170
7586
215
2930
7094
7342
5363
7408
2392
6060
1010
6191
2224
6756
2266
5085
1295
1230
40
6425
5159
1296
5
1418
3665
5407
6237
174
1077
2507
3250
4495
7317
7183
505
3713
345
4634
5821
5694
1723
4383
3002
2949
5247
3678
6770
2229
3016
1118
3175
559
2845
4724
1417
5019
7316
3423
5464
3305
1589
7109
6435
1438
5073
3523
841
2710
2096
492
2410
4473
3853
5649
5745
6229
2734
1522
7407
3356
3982
6947
2869
2532
2000
5644
6693
4635
5520
7005
6570
2375
3119
6916
5766
1171
3738
4985
3432
3561
5272
3302
5596
2125
6439
5118
592
6547
768
5377
6444
2933
5428
4871
319
6725
906
4948
7573
3603
1981
82
1265
4422
5112
2157
2143
7428
5816
3043
5494
3579
4004
6751
4057
6586
2675
6605
6514
493
4521
2528
8000
1244
6689
5326
59
5338
6449
2262
7983
7701
5531
7704
5931
2503
2929
5785
7144
7430
5206
5210
6490
4056
7248
3962
6263
746
2763
1447
3622
1618
2286
4240
905
4757
5796
2092
1820
5803
5508
1741
2231
4476
7008
1260
1015
6290
4187
3112
7010
3187
3922
3254
4122
2115
5824
577
2494
2768
7584
4693
4771
7420
3793
145
7946
5249
537
6763
7800
5046
719
3716
1156
6635
4645
4564
2907
1713
3439
2443
3817
939
4754
2104
1056
226
2800
1503
7218
4753
847
6384
1472
6960
1739
130
3459
6294
3769
406
7753
5011
2842
7853
6147
3965
992
5346
254
7406
3465
4013
3025
6276
5699
7098
3452
6255
7391
4841
4787
5134
1349
1862
4686
2862
1125
963
5720
5710
4511
3460
217
2048
832
6336
7860
2078
263
7515
2736
5212
6242
7215
3139
563
4404
5945
2301
451
1779
7044
5153
5707
1510
6742
4410
1284
7909
6455
1471
4789
4720
5583
25
4106
6970
499
7116
3482
1277
7899
1209
534
5370
6331
366
6308
3214
1668
4139
2770
5379
1031
2703
644
5890
4912
853
5080
1767
6772
5623
3526
7682
7209
2279
7762
160
7549
6816
4950
4713
2368
7072
7633
6260
2668
5367
2958
5160
312
3895
4217
7575
6898
5387
4327
2376
3248
57
3968
4331
2993
4306
7623
2901
6872
7003
6224
142
3177
2536
7354
3618
3799
7597
4342
2513
5458
5421
2320
1297
4279
1927
5045
3322
3989
7271
398
5096
4447
3941
3230
3277
828
4622
7467
7492
460
2469
7272
2489
7700
531
1334
3231
351
763
3979
615
7402
2613
3792
6082
7296
4998
5514
2091
4869
6501
5564
7228
7177
6503
4858
824
6921
2047
486
6351
3977
6267
3751
1605
7169
5190
1777
7356
4853
6199
7067
1129
7671
5412
4464
7781
426
1572
4285
1231
684
6146
5850
380
2656
458
5299
410
1054
2256
4954
6081
747
6904
4904
7472
2531
5200
5472
5191
7260
670
3588
7577
4396
2151
500
4651
4446
751
3200
7537
2176
2751
5180
3868
2036
2217
5349
6852
6646
5300
976
1165
6171
7861
6724
504
3759
7892
2378
7036
5429
5781
663
4916
5566
1469
673
3870
7851
1744
3521
2141
2490
7277
1720
4877
4527
1102
3949
7791
7990
7965
821
3243
5081
4848
775
6079
3647
899
5425
736
7474
231
2397
4455
6085
5029
7453
3629
6623
1029
1328
2601
4482
2304
1080
3172
2691
6973
3964
1347
2916
4044
7346
7895
7173
2570
3877
7585
3686
2839
6637
3188
1724
5569
470
6479
956
2939
7134
7282
7027
2012
3615
5186
7954
6000
3076
3006
5668
2408
4429
1858
2746
5513
797
1120
2636
4777
1358
7889
3851
4614
7734
7165
358
6539
4348
1355
7758
2345
5947
6215
1411
523
4578
1802
3827
370
779
2333
4372
75
3786
2682
5905
6298
2960
698
5251
7326
407
7820
5174
6254
2981
7187
6958
364
641
2583
2564
3397
3412
7748
5719
3011
3855
3944
2814
2872
2724
264
6741
3789
1
4690
5052
3219
4663
812
1497
6831
721
5265
6981
2402
4239
2145
66
3684
6007
4602
584
6446
2021
1704
6933
7223
3904
5580
2725
6220
7176
7944
6784
4255
455
1946
6295
2087
5082
2679
7587
3973
1161
3782
193
4244
7473
7669
6531
6757
5818
1263
436
6746
7567
5802
1400
6974
7048
6478
5980
4994
3293
3998
7227
4643
5876
3339
5598
1759
5647
4365
6510
5896
3045
516
3091
522
6685
1877
6292
5507
6777
2600
809
2150
5663
5884
6602
1938
831
5568
2264
6059
4991
5446
4132
3623
3907
5105
3208
524
4294
1107
6708
7985
4775
7278
277
7712
7950
5129
4868
6155
7569
7451
4002
3321
3788
447
156
5352
216
2291
1899
1863
4133
5004
573
6706
7720
6401
1298
348
4550
6717
3289
6174
506
6406
6905
2706
5591
2638
3808
766
4903
4145
3124
54
1269
6922
468
5996
6181
7634
940
810
4968
5607
19
7055
7390
6923
542
2562
5582
7291
6551
7937
7275
7670
967
6126
5892
2629
875
5108
4275
6140
4034
6559
1790
389
4703
790
2060
2355
7594
7020
7389
7283
5324
4385
5700
5919
5371
5742
3127
6728
6633
6091
5819
7233
3843
68
5166
7490
7053
4722
1607
1460
4705
3109
7948
6792
1468
4169
3093
6095
844
5424
5284
4259
3628
1780
276
3852
1164
4691
5181
6652
4213
4935
749
6353
4124
3131
1357
1702
1608
4776
6366
4061
7347
710
815
7207
6037
1000
442
5849
1478
1024
1141
4490
5090
2543
3548
5825
5224
1202
5017
362
6838
4957
4926
4484
1162
848
7160
1068
2244
6087
5117
7709
4302
3574
2718
69
4746
2336
2957
2786
3844
1662
7006
602
3385
4577
3394
7736
1843
4774
957
1874
1407
4566
648
7274
1379
991
1832
912
7045
464
6759
289
6248
5139
7445
5203
6657
433
3518
2017
2447
6077
6400
6961
5778
7464
3258
6270
535
5115
924
1310
7237
7563
7128
4190
1226
6747
7556
5066
2432
5874
4879
7786
7711
118
836
6853
4494
980
6422
6911
7024
1785
4050
3244
7757
1489
5254
3887
3404
2433
2672
7825
760
3671
6653
1590
1554
966
1221
5740
2884
3639
5038
4373
2329
1725
4366
1064
4346
5343
5327
4487
547
3926
5604
1598
6236
5561
6283
6994
6186
3908
7450
6413
2948
7257
3062
2344
4864
295
6782
37
4060
2168
6433
7938
2722
7365
1261
1964
2420
1136
267
3632
773
7626
2162
24
2334
2648
6578
275
5021
6369
1175
230
112
7329
7705
651
7970
6053
2910
4631
7888
1237
4628
4721
487
7611
6963
4836
2951
2698
4743
6845
7908
7558
1492
5532
7506
5455
2547
5317
5170
1709
7153
2068
3929
7593
620
7212
7807
1831
6405
5058
7060
519
3674
3303
206
1282
4911
1993
2761
4831
4268
1926
995
4138
893
2109
1152
3037
1699
4590
4982
1825
974
3130
1900
5043
5640
2787
6404
1560
3939
7698
3450
7823
6368
5041
3794
2651
2186
3673
5523
7062
1845
5372
5579
1545
5656
4321
5732
3669
5829
1158
165
5146
5471
6350
456
3832
4292
7263
1225
3740
7751
2281
7119
574
5347
7262
3417
1762
5007
5981
7392
6711
3323
6093
2441
6703
4343
7432
1461
6003
1957
1764
3612
1154
2714
4273
2269
6361
2966
3928
7236
223
6488
2833
7745
6854
6494
4051
2799
5296
6061
927
6806
4238
7124
2080
6842
6484
1401
3001
2082
5111
2758
7367
5147
5907
1534
3859
4923
6767
6809
3314
5474
2332
2450
1738
3239
4441
2426
1098
2628
3486
6568
6542
7393
5315
7651
6574
5680
4380
3494
2923
3196
5034
4569
62
169
1680
409
4567
4195
18
43
5529
6346
1857
4012
476
5380
5213
3975
2873
7994
1387
3087
5316
962
1421
4423
318
359
3117
5617
1117
2294
1403
6426
3205
3891
4387
1816
5099
5024
7147
654
1402
6875
816
6259
4620
6980
3421
4987
5231
2599
880
2928
5306
1201
4405
6822
4197
2612
4077
5653
7875
6436
4313
4150
4893
2622
740
5578
2346
7608
2667
7355
4698
1200
2579
1917
2421
6299
4828
2272
4074
3683
6500
1967
3475
6670
2891
6615
3531
1229
5848
424
2533
840
7321
1639
1740
637
5993
2059
6518
5207
3174
340
7225
6515
3464
4011
3898
5633
6296
5575
136
1148
5527
901
4890
3567
2766
2201
6862
7943
361
7140
2685
5037
7034
2979
6070
2372
2671
5106
1998
5093
6996
3436
2586
6687
6507
224
6427
4570
4940
5864
4068
6301
1232
7413
4514
2438
2608
3493
3251
971
3426
7564
3981
817
3652
6056
430
473
4182
2964
7494
1477
6919
1856
6929
6462
466
1543
2460
6088
4623
172
4344
475
5773
3731
3201
6235
3821
5277
103
6604
4644
252
2857
2440
2227
5595
4915
1479
6881
1540
4855
1408
6580
365
7510
6694
601
1320
1176
5357
4478
4657
137
7412
7819
3283
2662
3419
858
4945
2647
4024
6415
3775
6608
1787
4427
2563
2385
529
4278
7904
611
1475
6453
236
3458
6841
2550
3350
4941
1034
4664
7369
6887
6392
4425
1459
7079
5375
5815
593
4595
1705
1968
3330
3105
1451
3185
5351
4080
5641
17
411
3995
7546
3796
7025
6358
3787
4319
4093
5901
187
5323
7220
5646
7345
1375
338
5665
360
5165
7185
1424
459
5438
7534
387
105
4624
7606
825
5275
4955
501
6505
2128
4744
5236
2108
79
2689
210
571
5746
6796
7435
5751
2796
1898
10
5423
6175
6008
5466
2414
6367
2131
4530
6456
6359
5376
1190
5503
6628
3602
2239
946
1678
6962
7929
7780
4395
2398
3708
5025
6102
2233
5457
1241
1074
4462
2043
4103
4008
7583
7715
5671
3288
1817
5358
2552
3576
4865
6373
4540
7830
6525
4371
3697
1841
2972
3488
2963
7136
3599
2603
7881
6043
7022
1972
7714
6626
2555
7822
32
3477
1653
6884
2399
285
6402
3335
6396
953
3990
6030
2903
3442
5974
3560
3100
2826
6589
4207
2044
5256
5331
1657
5086
7335
2409
7125
372
5283
5891
6835
972
6522
2328
4131
445
1157
7178
7096
1685
1694
1275
4583
1194
1812
7419
576
4402
3059
6668
5999
4043
5826
5788
4176
2422
5448
1994
1774
5171
7988
6555
5140
2001
6364
7565
7922
2476
6385
1045
4723
1717
1127
656
5950
4364
7974
7047
3384
2652
4428
4146
2457
5770
2362
7964
3814
6740
3954
3894
3879
3637
5830
3525
1382
50
3409
2483
5638
3826
63
4512
2642
2065
1671
2132
7647
4113
5499
1912
3930
6799
5779
7690
1058
324
1329
7348
3154
2353
3717
1697
4073
4674
4706
7749
3691
7145
4588
1435
7972
4921
6006
30
590
3389
4333
7676
6326
1321
4161
1482
2921
3438
5154
381
7837
5032
5989
3150
4937
1135
5735
45
1550
3328
521
4538
4350
5187
2696
4253
326
3668
181
3492
241
1146
633
3116
2223
6557
4843
1092
5911
7234
569
1707
6858
1363
4639
2247
85
2324
403
2260
6642
4867
5199
1833
390
7533
6566
6370
7120
2202
6683
4522
2099
1037
5603
4025
2646
5923
4823
7487
1415
863
7773
686
4844
7571
6513
5374
1140
5320
6860
3211
5964
3349
5227
1556
2172
6601
3940
2174
7162
4449
6137
757
3407
5878
724
7599
3952
6567
2495
4962
1754
4084
3810
7592
5281
4905
6084
3815
7797
2670
1087
2572
1753
6999
1642
7238
7652
778
4769
4730
5968
7331
1586
1555
4943
5126
5724
7977
4485
4739
7373
586
3299
2090
5754
5978
3820
1602
1011
7953
1124
154
5577
4606
6976
2702
273
1517
5541
5812
578
5552
7516
838
4516
6360
